7

16 84 104 105 115 32 105 115 32 97 32 112 101 110 99 105 108


16


5 94 84 104 105 115
1 0 
4 104 105 115 36 
1 1
4 94 105 115 36
1 5
3 94 97 36
1 8
3 104 46 115
1 1
6 112 46 110 46 105 108
1 10
3 112 42 108
1 10
7 112 101 110 42 99 105 108
1 10
4 112 101 110 42
1 10
4 42 99 105 108
1 0
4 94 104 105 115
0 0
4 112 101 110 36
0 0 
3 104 105 36
0 0
6 112 101 110 99 105 108
1 10
2 105 115
1 2
3 94 105 115
1 5

32 97 97 97 97 97 97 97 97 97 97 97 97 97 97 97 97 97 97 97 97 97 97 97 97 97 97 97 97 97 97 97 98

4

8 97 97 97 97 97 97 97 97
1 0
8 97 97 97 97 97 97 97 98
1 24
4 97 42 46 36
1 0
5 97 46 42 46 36
1 0

32 32 97 32 97 32 97 32 97 32 97 32 97 32 97 32 97 32 97 32 97 32 97 32 97 32 97 32 97 32 98 32 98

28

5 32 98 32 98 36
1 28
6 32 97 32 42 98 36
1 0
5 32 97 32 42 98
1 0
6 32 97 32 46 42 98
1 0
6 32 97 32 42 46 98
1 0
7 32 97 32 46 42 46 98
1 0
7 32 97 32 46 42 46 36
1 0
7 94 97 32 46 42 46 36
1 1
6 94 97 32 42 46 36
1 1
5 94 97 32 46 36
1 1
4 94 97 46 36
0 0
5 94 97 46 46 36
1 1
6 94 97 32 46 46 36
0 0
6 94 97 42 32 98 36
1 1
6 94 97 42 32 46 36
1 1
3 94 46 36
1 1
4 94 46 97 36
1 0
5 94 46 42 97 36
1 0
5 94 46 42 46 36
1 0
3 94 46 98
0 0
2 94 46
1 0
3 94 46 32
1 1
3 94 46 42
1 0
4 94 46 42 32
1 0
4 94 46 32 42
1 1
2 46 36
1 1
4 94 97 32 98
1 27
6 94 97 32 97 32 98
1 25


16 116 104 105 115 32 105 115 32 97 32 112 101 110 99 105 108

22

5 94 116 104 105 115
1 0
4 104 105 115 36	
1 1
4 94 105 115 36
1 5
3 94 97 36
1 8
3 104 46 115   
1 1
6 112 46 110 46 105 108   
1 10
3 112 42 108   
1 10
7 112 101 110 42 99 105 108   
1 10
4 112 101 110 42   
1 10
4 42 99 105 108
1 0
6 112 101 110 99 105 108
1 10
2 105 115
1 2
3 94 105 115
1 5
3 104 46 115  
1 1
7 42 112 101 110 99 105 108 
1 0
4 32 112 101 110  
1 9
4 105 101 110 36  
0 0
2 110 110
0 0
4 42 112 101 97
0 0
6 105 115 42 112 101 110
1 2
6 105 115 42 112 101 97
0 0
5 105 115 42 112 97
0 0

21 97 98 99 32 97 98 99 32 122 122 122 32 97 98 97 98 32 97 98 99 100

6

5 94 97 98 99 100
1 17
4 97 98 99 100
1 17
5 97 42 98 99 100
1 0
4 122 42 122 36
1 8
7 46 122 122 42 46 98 32
1 7
4 94 46 98 97
1 12

21 97 98 97 98 97 98 97 98 97 99 32 97 98 97 99 97 99 97 98 99 100

11

4 97 98 97 99 
1 6
5 42 97 98 97 99  
1 0
6 42 46 97 98 97 99
1 0  
6 46 42 97 98 97 99  
1 0
5 94 97 98 97 99  
1 11
5 97 98 97 99 36 
1 6
6  97 98 97 98 97 99 
1 4 
7 42 97 98 97 98 97 99
1 0
3 99 100 36
1 19
3 99 100 32
0 0
2 46 36
1 9

5 32 32 97 32 32

13

3 94 46 36
1 0
4 94 97 46 36
1 2
5 94 46 42 46 36
1 0
6 94 97 46 42 46 36
1 2
6 94 46 97 42 46 36
1 1
4 94 46 97 36
1 1
4 94 46 46 36
1 1
5 94 46 32 46 36
1 0
5 94 97 32 46 36
1 2
6 94 46 97 32 46 36
1 1
3 94 97 36
1 2
2 46 36
1 0
1 42
1 0