10110110000000011101111000001100
00110010010101000111000000110101
10111000011001000111010111110011
00111111100101001111111001011110
10110111000010000111110010100110
10110110011000011011111010100110
00111111011010110000011000101011
00111101101101100001110000100010
00111000010010101000101101001000
00110111100001110010000010000110
10111001010101001101000101101000
00111010001011111100010101011010
10111001101010100011111011000011
00111011100000010011111111100110
00111001101011110001000001000110
00110101001000101111100101001000
10111001010110001010001010001110
10111011010100001000100111010010
10111101010110110101011110010100
10110011111110000101100010111111
10110100000001001010100000010111
00111101110000110101111001000001
00111000010110000100001010011111
10111011000110110001100100111100
10111011010001110110010111110100
00111100001011100001011010001110
00110100110001010001010000100100
10110110011011100001010111100110
10110011100110011100100011100110
00111111111110001100110011111000
00111000111011011100100100011111
10111100011000110001000110111011
00111111010111100100100101101010
00110110001111101111001111011011
00111111011011001011010000100100
10111011010101100000100110100111
10111000001110010101010111101000
10110011001001111101111101110011
10111101010001100011010100111111
00111100110010011101000101010001
00111011000001000110100110101010
10111011100101010000010001111101
10111111111101111011000011001011
00111010100101000111011101001101
00111100111001111110110110000100
10111100100111011111111011001111
00110010100001100010011001011000
10111101110010111100010001101000
10111010011001111010101111010110
00110011011001001110001110111111
10111001011100111110000110111011
00110010101101110000100100110101
00111011000111111011011101010001
00111001110110110110101011110100
00111001111101010110010100101000
00111010110100100011111010011100
10110010010100100010110101111001
00111100111001000010101000010011
10110110100000011001100111101110
00110100110000110100110110111001
00111010110011110101011110111011
10110010001111111010001010010000
10110011101101000001110001110101
10110011010111101001010111111010
10110010111010110100101001010100
10110010101010010111000101100000
10111111101111100011001001001001
00111010111010110110110011000010
10110101101010101010110111101101
10110011010010010011101001001010
10111111110101000100111001101011
10110101110110111101100111010000
10110101100010101100110111100001
10110111100000010100101100000100
00110010100000110010010001000110
10111001100100010101111010101110
00111101011011101010101000110110
00111011111110110010101010110011
00110010101110100010010111101101
10111101000001011010000111000110
10111111101100010010000101000101
10111011111100011000010100011010
10111001011110011011101101011111
10111101011100111001111001110111
10110010100010010001100001111110
00111001010010100000101101110011
00111001110000001110110101111011
00111011111010010011110010100101
00111101000101000110111110110101
00110111001011100111000000010111
10110110011110011110101100110000
00111001011000011010000011100110
00110110000111101011010011101110
10111001010011011001111000011111
10111011100101100011010000010101
10110111110111101100101000011011
00111001011000111001010100110011
10111110101000110111001010001010
10111110010011100001101101110111
00111100111000110111111111000000
00111010110100100101100111101011
10111001011011000001000001100011
00110010110110111011000010110010
10111110011110001111000101010011
00110101110101010110010101100010
00111101101110010100110011101101
10111001000111000011100100100001
00111011011001011111100001100100
00111010000100101110100011111100
00111011110111001101110011101101
00111110010100011100111010011111
00111001011000010101111000100011
10110111110011000011000000110100
00110111110011011101100110010100
00110101010101111010011010110110
10110100100110001010001011101100
10111101100010110000010000101000
10111100010100010101011000010110
00110010001010000100110001000010
00111100101110001011011111101011
00111001100110001001011111100001
10110011111110000110110110101011
00111000011100110000100001111010
00110010000010000011011111101010
00111011110010010110101010101001
10111010100000000100101001000000
00110011100001100011001100101110
10111000001111111100111011100111
00110100010001110000010100100000
10110101000001111110011010111010
00111110111100000111111001110110
10110110100100001101001101111111
10111110101100001000001101010001
00110110011000111101010001011000
00111111101101011100100000100000
10111010000110100110000110101100
00111001110100011110111100011101
10110100011011111110001010000100
10111100000010110100101000100100
10111000111011000010110100010001
10110011000000000101111011111101
00111011110110011011111100000011
00111111000011111111001111011100
10110011101101101111011111010011
00110110110110111101010100110001
10110010011100101011100000100011
00110011001000100010100000111101
10110011000001101001100100100010
00110010010000101100111110011110
10111101001000001100000110000010
00110111010000101011100101011111
10111111010110010010101100001010
00111011111100010100001000111011
10111110110111001000011110000100
00111001000110100001100101100110
00110011010111101000111101101001
00111011000011000010001101011100
10111101001000000111001101011100
00110010100011000100110011000011
00111100001001101000110111001111
00110111100101110010101101011101
00110101001111110111000000011011
10111111010110100001010000101011
10110111101001010100110001101011
10111000010110111011101111000101
10111111011000010001110001010100
10111111111110000111001000011011
10111110000101011111111110110010
00110111001101111111111101011101
10111010011000101001001000000111
00111000010000001001000000000101
00111100101001000110001101000111
10110010001000110000111110000110
00111110111011000000011111110110
00111101001000000011111111101000
00111111111010100010111110110111
00111100000101110101000110001101
00110110011110111001011100011100
00111111001000101011011110100001
10110101101010000011011101001001
10111101110000010010001101110101
10110011000101101000101110000100
00111010101011000111010001000010
10110101110111011101000110110000
00111011111110100011110001011111
10111101011111001000110111011010
10111111010100001111101000001000
00110101001111101001000000101111
10110011001101000101110010000010
10111101111001010111111101010000
10110011010010010110011111100100
00111100101110010100011011111110
10110110001010001110101000010111
00111011111011011010011111111101
00110111000110110101000000111101
10110101110111000111101001110011
00111000111000111101110001100010
00110111111010101111100100111100
10110111110000010010111101000111
10110100000110001100001001101100
10111100001000011011001010110101
00110100000001001000111011001110
00111000101100011011000101010111
10111110101110000011111011110001
00111011100010010001100010101110
00111110010111101111001001011001
00110011001101100100011111111001
10111101111110110000111010001001
00111110000000110010110010110001
10111101001101111110110110010100
10111110101100101000011100101100
10111110100110101100000101101010
10111010011110011111101001110000
10111000110000100011010000100100
00111110001000110101011110101001
10111011101010101100101111001100
10111101010000111100101100100100
00111100001111111000110000101110
10111001101101100000010101100111
00111010111000100010110000001111
10110111011010010001100001011100
00110100110101010011110110100010
10111111001101101011011111101101
00111111111011101100110111101110
00111111010011000101100101001000
00110011100100111100000001100111
00110101100100010001010110101000
10110101011001001011100000111010
10111010001100111110011001001010
00110011000100001001000000000001
10110101111011100100100110001110
00111011111011001101010010110111
00111100100111101010001001100110
10110110111110110100010011110111
00110110101101000001011001011000
00111101011010101011100011101101
10111011011110111101110011011111
10111000001010110111011011010010
10111100001011100111100101100001
10111001011010111011010000111001
00111111010110101001011101011011
00110100111100111100000001001101
10111010011100101111110000001010
10110101101111011011100111001100
00110111110101010000011010010000
00111011110111100100011100100101
10111110101001011110100010010110
10111111110101111011100110100110
00111100011001011010101111011010
00111000110000010101111000011011
10111001101111110010001100100111
10111110110101101110111111101101
00110101010011001111110001010111
10111100011000101001011001101100
00111010100100111100100010101111
00110111111000001111100000011010
00111100110000110111101111011010
00111010101000000011100010010000
10111001100101111001011110001000
00111000000011010100001011010010
00110101001100101001100001110110
00110110101010011000111100111101
10110110111010101001101000111010
00110011011010011110000000111100
10111101001111011010101101001111
10111010101010000110101001001110
10111001001010011101110101111111
00110010011011101001010010110011
00111001000010010101000101001010
10111110000010100100100111000110
10110110111011101111111100011100
00110011001001010101100010111100
10110100110100100011101011111010
10110111101101011100010000100010
10111101101011110011100100100010
10110011111101101100011101010001
00111000100101000100110000001101
10111110111110101000101111000100
00110101010000001110011101100001
10111111110101100000011011010110
00111011010001001011011000111010
00110101111011000011100000001101
00111000010101110010011111000110
10111001010011101001100101000001
10111111000000100011110101011000
00111100100110000110010010101101
10111111101111111000100010100111
00110100101111011111010010111110
00111001001100101001101100100100
10111010110011001100110101101100
10110011101100101100011101101010
00111010001110010100100110010000
10110100111110110001110101001111
00111001111000011101010100110000
00110110001110001001100000000010
10110010001100110101101010100101
10111001101110011000100110111111
00110011010111001010111111101101
10111010110011100100001011010001
00111001001000111011000110100111
00111110110100001010110010011000
00110101011110001011010111101111
00111010101111101000110001101011
00111011101111101100111001000000
00111010101100010101001111101100
00110011111000100000000011011000
00111011000011111100010000011111
00110010101011000001110000111111
00110100111101101001000000011100
00110010100111111001010011100111
10110010000011001011101000100111
00110101001101111000100001111101
00111001010001010100110110010101
10110100011001011111001001001011
00111101100010010110011000001010
00110100001100010001010000000000
10111001100101111110000001100101
00111101010111110110111011010100
00110101111111001001101001011101
10110100011101111100101010000000
00110110011111100101000101100101
00111001110001100000011100011100
00111011110101100010111111000011
10111111110011010101111110010001
10111110011110011111011010000010
00110010011110101001110110101100
10111011100111000010110010100000
10111111010011100101001011100000
10111101000001111100000111100111
10111011111010011010111001001111
10111001010001101100011100101010
00110010001110000001001011010010
00111100101100000011101001010000
00111000101010110011011111001100
10111010001001000011010101101000
00111011011110001110111001101011
00111101100001001000011011011010
00111100101010110001011100010001
10110110111101100001110101110001
10110011001010110011111011100001
00110101101001100001101110011001
00111100101011100111111111011110
10110011001011110111011100111110
00111100100111111010111011000010
10110111111011100000001101100100
10110111001100011000000100111100
00110110001101011001001111101111
00110110101111000100101001100110
00111010011000001110111010110000
00110100100011010101101000010111
10110011001100001000100000111010
10110110111101110101100011000111
10111001101100000111100010011010
10111001101011010011010111110011
00111101011001111011100111000101
00111000011100011100100000001010
10110110000001010010101010110000
10111000010001000110100111001110
00111001100110100010100011010011
10111011100111011111110101100001
00111110100000111111001010010011
10111011110001100111101010101111
10110100110000110111011110001000
00111100011011011100001101101010
10110110100110000110011000011111
00111010110001101110100001110010
00110111000101100100100001010010
10110101101110111010010111111111
00111011001101010011011100010110
00111100100111100100010011101000
10111101101001101010110001101101
00111011000101010000101100010101
10110010011100000001100001010011
00111001111010000101011011011010
00111101000000010110111111110000
10111001101100101000111011110101
10110011011000100000101110111010
10110010010110100000101000001100
00110011110001111000100001100111
10110010000011110101100111101011
10111001011011111111100100001010
00111100011111000100110111111011
00111010010111000101101101011010
00111011111110001111101000100101
00111111111001011010000110100010
10111010100110111010111000110001
00110101001010111001110100001111
10110100001010110111111100000011
10111011100011100101111111000001
00110111101110111001000011100000
10111000001111111110001110110100
00111110010100010001100110100011
10111001100000101001101100011000
00111000010010000000100101100010
10111011000101000111101000000110
10110111100010101010111010110001
00110111001000010010000101100100
00111111101000111101000101110011
00111011011011010101100010001110
00110100101101011001011010010011
10111101000100010111100100001101
00111101110101101011000111000000
00110101010100110111010111111011
10111110000110101110010001011011
00111011111000101011101110110000
00110010101110011000101001001100
00111011010100101000111011100001
10111100110001111010011010110100
10110100111011001101110110110110
00111101000111101000100100000111
00111111100011000011100111001110
00111101111110100001101110000110
00111110000001011100000011101111
10110010100100101101111000101011
10110110110110100000110101010011
10111011101101001110001011101100
00111100111100110111000111001011
10110100110010110000111110100101
10111110100111000100111100000111
10110011010011100000010001010001
10110010011010000111001001111110
00111110101001010000010010010000
00111111010001100101011010001101
00110100100011100111011101011111
10111110000111001011111101011001
10111000111000011001001110110100
10110100011010100010000101000111
10110100000110111010011010101100
00110111100100000111011000110010
10111110100000010011001011110110
00111010100100000100100111001110
10111010001101100001010110001110
00110011101010011010100010010000
10110111110101011111010000110111
10111110000011100000001010000101
00111010100101100010101001101111
00110100001001010110000011100110
10110011010000110101000010110011
10111011101111001011110001000111
10110101001000100100111100001000
10111001111111001101100001111011
00110100010000001101110100110010
00111011010111001010000110111111
00110101110001011000100011000011
10111011010010001010010101111100
00111011110001011000001111001101
00111000011111110111010100100111
00110100100100110100110000000010
00111100000110100010110100110010
10111111111111100011000010110100
10111000001110110100110110110111
00110011111110101110111100000000
00110011111000101111010100001101
10111111111110010101100001011010
10111110000000010101100110101100
10111010100010001100000101011101
10111110100000011110010001001011
00110011010111000000101101000011
10110100010110010100000110111011
00110100101101000000001111101100
00110110010111001000100011011000
00111110010011111110100111001000
00110011100110110101001100111110
00111101000001110100000000100110
10111011001101101111100100100010
00111110110010000011111110011110
00110101001110101001011101000101
00111000010010010100010111101010
00110101110101100111001110001101
00111000101001101001111000010110
00111010110100000110111101101000
00110101100110111011110110101001
10111110010011111111011101110100
10111110100100100101111010001010
00110011010110110100001000100001
00110101110111110100011001010111
10111110000111110001001000011100
10111000110110000011001100111010
10111011100111110100100110001010
10110010010001010111101000010110
10111110110110111111011001110010
00110111110111100000010100101110
10111011101010110101010110011001
00111001110110010001111111100010
00111100111111101101000100001101
10111101111111101110011101111001
10111010001011111111000101100000
00110110101010111010001110000101
00110110111011101001010010010111
00111001110000011010001000110100
10110011011000110001100010111001
10111011000000101000011111000101
10110101011101110101010100111101
00110010000010110110001101101101
10110110000000011110110010111101
10111110100100110101110111111111
10111011001101111001000101111110
10111011010010100101010010011000
10110111101000111011011001110001
00110101001011010010000100010111
10111100100000110011001010101110
10111010001101101110011111001001
10110010010011001101101100010110
00110011111010011001000001101101
00111110100111010001010111100001
00110100001011101000011110000000
00111100000000011100001100110010
00110101110110111100100110001110
10110101101011111111110100010010
10110110101111000001010111000111
10110100010111110011000111011000
10111110101111101101110000011001
00111011111000101001011101010001
10111000101100001100000000010000
10110110100010000111000101111101
00111110110101001000100111111100
00111100110010010100111001100110
00110111010001011100101100100101
10110010000101001001101100101110
10111110001000111001100011110010
10111100111001101001111010111110
00111100001111110111010110011100
10111011001100000101111111011101
00110010010100101011011110110101
10110010001101001011111011111001
10111101011000001010111101111001
10111000000110000101010011101010
00110010101001100000100011111110
10111100001111000101010011010110
10110010001101011111111111000011
00111010110101100111010111100011
00111001010110111001111000110000
00110010100101000011001000100101
10111101011010111100101010010010
10111000011101011110101011011111
10111111110010001110111101001101
10110110101100010011110100000111
00110101011111000010010111001000
10110111111001000000111101111111
00110010100011010000110011110110
00111111000010111111110000101011
10111101001001101001011101000000
10111100010001011100101101100110
00111001101011111000000011000101
00111011000001101111110010010011
00110101001111011111011100011010
10110100001101110000000101010111
00111011011000100100000111111010
10111011110100010001000110100111
10110110101011000111010100100100
10111000100001001101111011010100
00111101101011111010001001100010
00111011100100011101001010110101
00111110110110011111111001110000
00110010001010100100001110010001
00111111110101000111110101010001
10111011001010101111001011101111
10111010000011110001000010101110
10110011011011101110110101000001
00111111101110001111100101101001
00110011001001101010001000110001
00110110000101010110111001010011
10111111000000010011101100010111
00110110110101100000001011011001
00110100010100000001001100011100
10111011111011010000111110010100
00110100000110100101001011010110
10111111110111100101111111001001
10110010010010110000111010110001
00111110011110011100011100100011
10111010110110110111110110001000
10110011110111111010101010001110
10110100100000101101100010100000
10111010011111101001011011100010
10111001110011111010000111001010
10111011010111111110000011111100
00110101011001000011001010001001
00110110010001011000100011010110
10111011011100100001010011000100
00111010100010010000101101100000
00110010011101011101111101111101
00111101011011010111010111010010
00110111111010111101100101011111
00111010101111100101010100000001
00111010101001110000001100001101
10110101001100010010100101111010
00111011101001001011101100110101
10111011001101101011110001001111
10110100010001001011101010001100
00111010000011101010011111001100
10111101101001010001100101000101
10110011000000000111000001110110
10111001111100111101011100011001
10111111111100111100010100001101
00111011111001100000110001001000
00111101110010000111110101000000
10111010110110011000001001001100
10110111110000001101010110101100
10111100110011000000001101111101
10110101001011101110110000100111
10111111111001100011011100101110
10111001010110000100001101001000
10110100010010000101010010001001
10111100101000010001010100101110
00110100100101101100000001110000
10111111101100100100110110110101
00110100110110010011011010011101
00111010000010101100000001101100
00111000001110111100001111110010
10111000101100011111010010110000
10111100010010011010000010000100
00110101111101010010011111001111
00111101111000001001100101110101
10111101111101111001111011000110
00111100100111011111000001011001
10110101100100100000101001111111
00110011110000111110110001101011
10110010011111001101010011000000
00111110110001010100100000111111
10111110101001011011000001111011
10111101110001011000011010111001
00110010010001101010101010101101
00111000001100010011010010011110
10110111100111100110000010011000
10111110011111000011100111110110
10110101100101100111010000111100
10111000001001111110011101110010
10111011110101011100100110001100
00111100011001000100111111101001
10110011000001000011010101100110
00111011101101101001100101111101
00110100100001001010010010111110
10111110100011111001010010101101
10111000001100011000001110011111
00110111000100100010010001010100
00111010010100100111110100011101
10111110111011001011010100000011
00111011101000110111111000111100
00111010100100010000111010101000
10111001101011100001111100100010
10110101100000001001001001111110
00110101111010101101111011010101
00110011000100000111100101111000
10111001111100100110010110001001
00111000001111001010100011110100
10111001010101110010110111111011
10111100100011000111011010011000
10110110000011111110010011111101
10110111110111011010010011001011
10110010100101100001011111110000
10111110001011011111010010011001
10111001000110111101111111110010
00111111001010100100111011100101
10111101000011001011010111011101
10111101000111101000011111110100
00110101001101100000011001000101
10110011110000010010001101101001
00110101010111111101110000110001
00111000101011000001100100101010
00111110101101000011111010111100
00110110111100111100110110101000
00110100010010110101111100101001
10111001000101100100011100011011
10110011100010001000110100100100
00110111000110110001011010011101
00110011101011101000010111000011
00110110100111110100001010110111
10110100011110001010101100110001
10111000100101100101010111011010
10110010000111001110110001001110
10110010000000000000110000111011
10110011110000010010011010111001
00111011110011110011000101010101
00111000001110001011011110000011
00111110001000011100100111001001
00111101000000000000110011110110
10110010011000100111111011011010
00111010101100111000011010001010
10110010101110100001100111000000
10110111001101101000000010011110
00111111101000000101011001011010
00111001001001001100110010101000
10111000100110110110000000001011
10111111001111000110101001011110
10111111001001101110000001101011
10110100011100101101101111010110
10111000010110101110000011111101
10110101000100010000001110101111
00111111101111110101101000101111
10111101011000110001111011111000
10110011010100011011111101000101
00110011001001010000101001010001
00110100100111101100011010101010
10111110110110011110111110110000
10110111010000110110000100111111
10111000111000111011100111111100
10111011111110111001101010100111
10110100110101110101000101100010
10111100100111100001111001111101
00111000001001110101001101011000
00110100110111011001111110111000
10110101111001010110101110011001
00111101100011001001101010111010
00111110110010101001000101111110
00110100110001110111011100000100
10111111000100011001011111001010
00110100101111110001010010110101
10111110001111101001110101010001
10111111001001101101011001100010
10110011110010101100011010011101
00111111011111000010100101001111
00111011001001010100001011111100
00111011011011100010111001100011
10110010001111011011101000100100
00110111101111110011110010110011
10110100000101111000100100010001
00111010100001100010100010010100
00111010001010110111100110000110
10110110100010000001011000010111
00111110011111111100110100100111
10110110000011111000001111001101
10111010100100001111101110010011
10111111001111000010100011000111
00111111000010000110011111110110
10110111101110011111100001011111
00111011011000000010000010101111
10111111001111101011110000101001
10111101011110110111111111101010
10110101101101011001010100110010
10110101101010011011101110110001
10110110001100111001111110111110
00111100000000001001100110111111
10111011011100110010101000100000
00111011000010011111011010111000
10111001100110001111011110000101
10111010111010000110001010010100
00111100000100010011111110110111
00111011110100001001111011111111
00111011000010101110110001011000
00111000010111011010100001100110
10110101000010010011001100010101
10111011110011111001001011111100
00110100001011100010000001101001
10111111000011101010111010011011
00111000101011010100001101101111
00111010101101000001011001001110
10110110011011011111011000000100
00110101010000101011010111010000
10111100101110111011001110010110
00110010100101000010000110110011
10110110011001101011101000110100
10111011100100011001101010100000
00110011111101101001011000011100
00111011000001000000110110100000
00110011100000100110011011101010
10111010110000001100001010100110
00111111101110100110101001010101
00111110100010011100011101000101
10110100011011011110100110101100
00111011111110111100000000110010
00110111011111000100100000110011
00111101011011101010100010110110
00111010000100001110011100101011
10110110110011010001000111011010
10110011101010010011100100101001
00110101000000110000001000000101
10110011110010100111010110100010
00111101000010010100110010011010
10111010000000001011011110111001
10110111010011101010000110110101
10110100010100111011100100010001
10111001011001111010010101100110
10111010111111111011000011100110
00111101100110011101110011010100
00111111100101110000010001101010
10110111001100001110010010111101
00111001101111001110111110100011
10111001100110010000111100101110
10111001001011111101010001001110
00111000000000010110011000010111
10110011011111011100000111110000
00111111111110111110001010011011
00110011011010001001111111110010
00110110001101011011100100101101
00111101101111011101011001100110
10111110100000101101001001110001
00111111101000111000110000111101
00110100111000010010001001101010
00111111001001000101010011110111
00110111111100111011010101011011
00111011011100010100100101100111
10110100001001111100001001111101
00111010101100001100101010101100
10110010001010100010101100000110
10111011111010110001000101011111
10111011101011110000111001001001
10110010101110100100000110001110
10111110001001111010111100110111
00110011000111010100101000111110
10110100011010111100011111010001
00111011011011101010110010000111
10111001110011101000101110110110
10111110111000010001111000011001
10111111100000001001100111101001
10111010110011111110110100100000
10110011001010101110101101010110
00111011001110101111100110010000
10111100101101011010000010001011
10111100011111100011101110110010
00111110000110101011011101100100
00110011000100111011001001011011
10110111111110111010110010111001
00111101000010011100001111110111
10111011011101101110100110001110
00111111110001100110011010110010
10110111110001011110001100101011
00111010000110000101101010101101
10111000101110010001110101100000
10111011011011111010111110110011
00110110111000010000001111111101
10110011100110001111100111011001
10111010111010100101001000010011
00111100110011001101111110010010
10111110000110011000000111100101
10111101010011001110111000110010
10110101110011000000101110100010
00111011100101011010011001101110
10111101001011000111101100100111
00111001111110100010001101011110
00111001011110100101001010111011
10111011111010010010011101000011
10110010110111101011000100000000
10110100110110011110110010111000
10111001001011101011111110001001
00110100111101100000100101001110
10111111101101111100100000100011
00111010101100001101111000010010
10111110000011101111111010010100
10111101001001111010001110111100
00111000000110101101011110110111
00110110100110111101110100010001
10111001010100011000000101010111
10111110010001100100111011011101
00111111110001110010011000000000
10110101100101100010101011101110
00110011010100100101110000010001
10110111101010100000110111110110
10111111111111000001110110010101
10110011010100100111001111000011
00110100000001000110010100000011
10111011011011001101111100001010
00110111100110011101111101010100
00110011001101110000001110101100
10110100100101111111000000010101
10111110001001101101100101111100
00110010000011101011100101101110
10110100000110001001111100011110
00111101011101011011001001110010
10110110110000101100000000010100
10111110110111000111111001100110
00110110111110101111100001111101
10110111011100111000010100101011
00111111110011001100100011011010
00110101001010011010101110111100
10110100110001010100111010110011
10111101101111100101001010101101
10111011001110000100100000110101
10110100111000000001000001000011
10111011001111010011011101001111
10111100100011101110101100110001
00111100010111000100000000100000
10110111111101110000101101000111
00110100010100010101101010010010
00111110010010000010000100100010
00111110001100100010010011101010
10110011111101001000111001110110
10111010101011010011100101101010
10110101110011000111110101010011
00110010111111101110001100100101
10111010010001001000100100001110
00111101000111100011110010110101
00111000110011111110101100101100
10111101011101001010001110000001
00111100000100010011011101011111
10110110001111110011011111011111
00110010101110010001010110101110
10111100110111101010101010000111
00110011100111000010010110100101
10110010011111111010100011010111
10110110111100011110000010111001
10111100001010010000000001001001
00111110011100100011111101001100
00110011100001100111000000101010
00110111001111000110110110010110
10111001000101001110000011001101
00111011001100001000011110100001
00111001110000100101111010110100
00110011011101100001001001100000
10110111010011111011101110010000
10110101011000111100100000110101
00110101010001010111110001110100
10110100100111110111100101111010
10111100100000101111110110001001
10110010100011001001100001010010
00110011111011111001010111111110
00110010101100010100110000100000
10111111001100100111011001101010
10110100011011011000110001010000
10110111000010111010000111111110
00110100110001100111001111101101
00110111111000100110110101101100
00110011101100010111011100110111
10110101110011111000010101010001
00111010001110100111001110000011
00110100110110010111000111011100
00111101111111100010001111110110
10111010011000110010001010001011
00111011110100100100010000101011
00111001001010101110001000100111
00111001010101100111000000111111
10111000000110101100010101100000
00111011111111001001111000000010
00110011001111010100101000010111
00111000000110101010011000000110
00111001000111111001000000111001
10111100011011000001010110110101
00111000011100000100111010100011
00110011100000110100010110010111
00111101011011111010001101100000
10111101110110001000100100110111
00110111111001111001110011110111
10111011011100110100110010101101
10111100010010001011000000010000
10110010011111100000110111011101
00110110000001000010111001110110
00111001001011001000100011110001
10111111000011010001111101010101
00111101111011110000010100111101
00111110101100111111001100010001
00110110111010111110101010110110
00111010010001011011100101010111
00110100000001110111010111110111
00111001110000110010100111001111
00111010010011000011101100100111
10111101001010001010011110110011
10111001010001110101110111011011
00111110011111110110100111101001
00111110010111100001011100110100
00110101000110100010010101101111
10110010100110111011001110000011
00111010000101111110111011111000
00110100000011100111111011011001
00110011111101011111101100000111
00111111010010110010010101001010
00111010110101100100010110011001
10111110110110011110001001110100
10111100100001110010000101101110
10110111101001001011111110101000
10111100101011100000101010110000
00110110111010111101001000000111
00110111010110000000110001010101
00110111001100101000101000010001
10110111110100110010001100111010
10110100000110011101000010110100
10110100011000011000101110111101
00111011110011011010110111110001
00111000001111001100111010100000
00110111110100111100010010000100
00110110010010101010010110101101
10110110111001011101111000011001
10110111011111010100111111001110
00111011101110111110010101011100
10111011001000000111100001100110
00110100001111001110000001110011
10111011000001000010011010010010
10111111000000111001001110011010
00111101011010000000011001010111
00110010100000100110000110101101
00111111101101111011101011111110
10111010101110111000010101100011
10111011110001110110100110111010
10110111000011100110000001010001
10110101110101011100001000101010
00110101010010100010001110001111
10111110101110101010000110100011
00111110110001000100100011001111
10111001001011100011100111111011
00111001000110011111001110111111
10110010100000010110000011101100
00110011010001101011010000110010
10110110001101010100100111110011
00111000111110011110100001111001
10111011110000100000000111011110
00110011111011100101101011110110
00111101000100001100010011101011
00111100010011001101011110101111
00111001110111010000000001000000
10111010011101010111110101010001
00111110011011011011100011000010
10110010011010001101110011001011
