00110111010111001011011001100101
00111011111110000000110001010000
00111101011011111100100100110001
10111001110111110111000110101001
10111001011100000001010101110011
00111110001001000001111110101110
10111001000100010001101001111101
00111001110001110101001001001100
00110011010011011110110101000101
00111110111110100010011000100100
10111010000111010010101101010110
10111101100111111110011100000001
00110111101001000011100100010110
10110110010001111101010100011001
00110110101011110010111011111000
00110111111100010000101011101011
00110111111011101101010000010101
10111110100011111001011010010001
00111100011010100010001100010000
10111011010101101110010100111000
00110101000100111011000101110110
10111110011000000010110110010010
10110111000000010011000111001111
00111001110100001111100101000000
10111001101001010010110101101110
10111000111001011111110010011010
00111000101100001110101100010011
10111110100111000111001000111110
10111000101101111101100010001110
10111110111110101010100011101100
00111011001011011000101000001011
10111010111010010110111000101110
00110011111110100001110010101010
10111001111111100000111111000011
00110111010000110010100010010010
00111000010110001000110101101011
10111010001000010100110001000100
00110110100100001011011000000011
10111010010111011111011111010011
00111000110101110101110100100111
00110011101111011001010111110101
10111011111001010101000000010101
00110010011100000011000011011001
10111000000100101001011110100101
00111111010010111011001101011001
10111100011010111100010011111010
00110010010010111010100011000000
00110101111010100111110011001101
00110010010100011001010001011000
00111100000001110000011101101111
10110010001111010111000110011111
10111011001111000101000011010111
00111000011000001100010010000110
00111110100001111101010000001110
10111010100110000010010011001110
00110101000011010101101011001110
00111001110000000011011111011001
00111001111011101100001001111111
00111001011000110111001011101010
10110100100001000011010010001010
00111110100001010100100010011101
00111001000100010101001011100100
10111101011011000000011100001101
10110100001001001101101101010110
10111100100100110110100111010000
00110110101011000000011011000001
10111110101111000011111100101101
10111100000111110100101100001010
00110101100110100000100001000111
10111110010100100111110011110111
00110111000010011001011101011111
10110111011110011110110001100100
10110110110111110000010110011100
10110011001000001010011111110110
00110100001111101100011010111011
10110010110011010100110000000110
00110110010101001000001111111101
00111110010110110000011110111110
00110010010110000110101110010010
00110111011010101010101011010001
10111000000100110100100111101100
10110010111001100000100110001011
10111001110000111001111101101100
10111100011001110100001111001001
00111111011111100111011100101110
10111101010111001001100011000011
00110100010001001111111010011000
00110110010000110101011001100101
10110101011010011001011111010100
00111000010010100100101111101100
00111001111110010100101011011001
10110011000110000011100111110000
10111000001000100100010101000010
10111010001001111101000111011111
00111101110010110101000000110101
00111110001101111110001111000100
10111001000100001110101010001101
00110011111000011111001000101100
00110011000010010010011111100111
00111011101011011110110101010000
10111101000001111001011110001111
10111100001001100101100010010001
10111011110010101000111101001010
10110100011100101101111110111100
00111100110001110110100110001000
00110010111111100100111111011110
10110010110110100100110010111100
10111010011000010111111100001001
00111100110111110100100110011000
10111101101111011111111100100001
00111000101001001110111001011000
00111111110010110101110111011000
10111101111010000111111101000001
10110110011000000110010001011110
00110110000100100011011010010010
10111100111111011100001100010101
00111100110000011001001010100101
10111111010000111110101111000111
10110111001111001101101010000010
00110011101101011111001010011000
