00110101011110000110110100011101
00110100001010111001110100000100
00110101100100000011110111110011
10111111010010100110001101100000
10110101101100111111001011000110
10111010111111000100001111100111
10111010010101110001111110010100
10111000001101110001010000011001
00110100110101100000001101000010
10111011111011110000011010110010
10110111001111001000001010110011
10111000001010011111001110101001
00110011100100111100011110111011
10110010011010101110100101101111
00111010111100011011111011110010
10110100010101100101110100101111
10111111101000000111010101001010
00111010101010111000001001111001
00110011111111011000000000110011
00111000101000011101111101110011
10111010101110100000110101101110
10110101010011101011101011100010
10110011010111101110110001011010
10111101010010010101000011010110
00111010000011110100111010000000
10111000111101101010111111010001
00111110011110010100001101111101
10111101010011110111101011000000
10111011110010011100110110000110
10111011011100010011010000010111
