0 
2 
3912 6833 5146 6723  786 2471 1399 7686 
4525 8160 2988 2455 7357 4976 4590 7982 
1436 7964 5214 6452  478 3784 1655 4973 
4810 6110 7301 3580 1010 2396 4033 7843 
1268 1638 2076 4510 5166 6819 5974 2708 
3649  297 2345 8078 3031 4673 7823 7382 
4404 1545 1027 5650 2617  577 6245    2 
3783 4731 4330 7947 6518 2181  655 3959 

3912 6833 5146 6723  786 2471 1399 7686 
4525 8160 2988 2455 7357 4976 4590 7982 
1436 7964 5214 6452  478 3784 1655 4973 
4810 6110 7301 3580 1010 2396 4033 7843 
1268 1638 2076 4510 5166 6819 5974 2708 
3649  297 2345 8078 3031 4673 7823 7382 
4404 1545 1027 5650 2617  577 6245    2 
3783 4731 4330 7947 6518 2181  655 3959 

1 
 2580   585  7318  1547  2849  3159  1160  2949 
 1403   128  7963  3554   453  7020  3955  6856 
 4857  7976  8143   373  6712  5528  4756   338 
 5387  6019  2840  5369   868  4981  2400  3472 
 2858  6163  2394  6398    49  3599  3595   619 
  439   272  1533  7068  2253  7874  3262  2570 
  386   963  6087  6433  7723  6741  1124  7749 
  457  2140  5882  3551  5523    86  7805  7000 

 6492  7418 12464  8270  3635  5630  2559 10635 
 5928  8288 10951  6009  7810 11996  8545 14838 
 6293 15940 13357  6825  7190  9312  6411  5311 
10197 12129 10141  8949  1878  7377  6433 11315 
 4126  7801  4470 10908  5215 10418  9569  3327 
 4088   569  3878 15146  5284 12547 11085  9952 
 4790  2508  7114 12083 10340  7318  7369  7751 
 4240  6871 10212 11498 12041  2267  8460 10959 

1 
 4389  1696  3769  3586  7815  2200  1675  2994 
 2415  1770    25  4154  7322  8029   514  5724 
 7396  8000  3808  1519  6889  2561  5098  5189 
  666  3128  6750  1241  5597  4683  5636  7901 
 6450  5204  7142  7428  1407  5010  2431  1644 
 1428   381  2466  8132  1946  7385  4682  4900 
 5898  1901  1933  3195  3557  3244  2590   685 
 1900  7166  6812  6773   205  5675  6631  4459 

10881  9114 16233 11856 11450  7830  4234 13629 
 8343 10058 10976 10163 15132 20025  9059 20562 
13689 23940 17165  8344 14079 11873 11509 10500 
10863 15257 16891 10190  7475 12060 12069 19216 
10576 13005 11612 18336  6622 15428 12000  4971 
 5516   950  6344 23278  7230 19932 15767 14852 
10688  4409  9047 15278 13897 10562  9959  8436 
 6140 14037 17024 18271 12246  7942 15091 15418 

5 
0

1 
 2698  1317  3688  2448  5940  1626  6805  3397 
 5810  1301  2351  5846  7471  5380  1005  5943 
 7047  2198  6163  2953   707  5720  2057  1139 
 4103  6202   772  5885  4259  3765  7680  5181 
 8149  4990   874  8153  4527  1291  5367  2022 
 3511  7921  6020   685  5612  3455  6167  6881 
 2190  6335  2904  3835  2454  4882  6642  6854 
 3874  4692  4756   768  4930  2640   396  3711 

16327 21879 14188 21664 10911 16478 15241 18815 
10044 10360 13860 17915 19471 21147 10964 21034 
14877 22223 18036 15013 16135 25652 12619  9081 
15553 21334 14851 13360 10881 10995 21577 17427 
20005 15153  9218 18343 22863 24569 20645 20293 
19744 18897 23185 17576 17224  9799 15214 23905 
11304 16393 26844 19092 15459  5832 11051 20891 
14755 13035 18445 11631 15506  8156 11084  9851 

2 
 7877  1788   531  6132  1340    25   203  8180 
   66   975  5508  1517  3589  5335  6500  5415 
 3264   353  3950   695  2667  2597  2237  1877 
 3995  1356  4058  1695   736  2178  6741   755 
 5063  4186  2568  4578  6638  3771  5640  1974 
  573  7104  2650  5420  3273  5104  4947  7393 
 1168  6277  7447  7694  5368  6568  3169  1780 
 5359  1105  3689   329  4643  4597   536  3928 

400128046 464216588 406445181 416611047 357094349 349718005 399622965 410111220 
446913409 498651613 567462215 468536525 483476245 402205050 401046522 487704264 
284021031 328304512 312233001 304727685 283175206 289544530 258554709 298245087 
310645631 400453741 426000510 383669927 324168435 302133581 294729919 385341966 
534242299 598909864 580586439 603070890 562509799 537192377 532866545 648531286 
535683601 584165320 652546891 582057932 600160183 506817527 518845689 643331850 
611721633 700831386 671810530 647459778 651285341 656857509 612107698 705395106 
406256170 434909910 398990538 417555149 397614597 404203210 362696844 417309435 

5 
0

1 
 3669  3847   709    67  4369  1930  2722  5875 
 5061  2509  7592  3053  4314  2229  8096  1512 
 4867  3599  1216  6457  5158    71  3880  6829 
 5454  2513  1314  3664  5296  7604  6118  1389 
 2192  2252  5879   816  1571  4261  5488  7809 
 3472  1136  5528  6601  6567  3802  6517  5919 
 6548  1364  2936  5402  1610  4288  2232  1099 
 7637  4046   741  3705  3369  2759  2325  6988 

410114889 487708111 298245796 385342033 648535655 643333780 705397828 417315310 
399628026 401049031 258562301 294732972 532870859 518847918 612115794 362698356 
349722872 402208649 289545746 302140038 537197535 506817598 656861389 404210039 
357099803 483478758 283176520 324172099 562515095 600167787 651291459 397615986 
416613239 468538777 304733564 383670743 603072461 582062193 647465266 417562958 
406448653 567463351 312238529 426007111 580593006 652550693 671817047 398996457 
464223136 498652977 328307448 400459143 598911474 584169608 700833618 434911009 
400135683 446917455 284021772 310649336 534245668 535686360 611723958 406263158 

5 
0 

3 
0 




0 
1 
3617 7765 3994 5516 
5748 8160 1048 7159 
2130 6385 3804 6211 
 233 8105 6083 5055 

3617 7765 3994 5516 
5748 8160 1048 7159 
2130 6385 3804 6211 
 233 8105 6083 5055 

2 
 2755  7090  5345  4228 
 6846  3566  3028  2458 
 3161  1409  3081  3918 
  658    35  3615    51 

63088129 147642740 64485094 120524225 
52281704 121513620 57550618 94523628 
27007693 87470180 49654984 66464688 
10292999 28890100 16726425 26590663 

1 
 2486  6591  6168  1598 
 6098  6979  5751  2708 
 4758   964  4957  5266 
 5744  5384   313  1780 

63090615 147649331 64491262 120525823 
52287802 121520599 57556369 94526336 
27012451 87471144 49659941 66469954 
10298743 28895484 16726738 26592443 

1 
 8032  2031   939  7971 
 1693  4243  4502  2532 
 8054  5839  1793  7751 
 5000  2128  2557  3363 

63098647 147651362 64492201 120533794 
52289495 121524842 57560871 94528868 
27020505 87476983 49661734 66477705 
10303743 28897612 16729295 26595806 

1 
 2540  4466  6746  7133 
 1271  2149  3499  2890 
 8143  7229  7539  3278 
 3688   844  4325  4898 

63101187 147655828 64498947 120540927 
52290766 121526991 57564370 94531758 
27028648 87484212 49669273 66480983 
10307431 28898456 16733620 26600704 

5 
0

1 
  345  2406   780   914 
 3285  4464  3618  1635 
 4880  6403   238  4343 
 7534  2682  5532  5139 

120541272 94534164 66481763 26601618 
64502232 57568834 49672891 16735255 
147660708 121533394 87484450 28902799 
63108721 52293448 27034180 10312570 

2 
 4968  4684   644  1442 
 6933  2046  2475  7052 
 5750  5958  2460  5373 
 3218  2812   190  7016 

447040236 1767089455 1142497406 1363249029 
70698524 1798211685 1202724178 3284146 
1628652153 1927554062 1453016467 1221155068 
726325588 1378185482 1566586986 54669308 

2 
 7339  1880  6124  2174 
 1710  6704  6814  6487 
 7898  2952  3231  7674 
 3394  4108   791  4655 

825594465 573491866 1932616904 1045108582 
986378468 109611392 233994363 1434661377 
451983242 1928121535 1041560052 1960212984 
182883387 191279292 899493476 294891059 

5 
0

0 
3 
 435  618 3176 2856 4321 7215 1164 6554 2482 4956 4957 7067 5907  996 6743 1375 
6221 7649 6858 8051  571 1145 5676 4678 2627 1040 3388   40 6739  643  769 7718 
7036 2944 6277 8126   83 6642 3224 6662 3620 4907 7493 1024 6263  262 8026 6958 
3946  548 1028 7341  751 2071 1046  705 2964 1082 3909 6349  987 1377 5351 1124 
 615 7912  759 6075 4976  199 5250 1573 5124  944 7505  167 3148 4294 2327 5412 
 743 5320 5409 5445  459 4347 4075 5156 7690 3613 4070 1168  228 6892 7104  315 
1640 3445 3093 6007 5391 7658  524  523 2350 2220 7598 2624   10 2510  246 1213 
6375 4886  883 3571 4717 6302 4288 6086 2003 7734 5764 7411   57 1565 6233 1513 
3336 2843 5110 3273  604 3315 2576 4943 7543 4232 5690 5031 1374  533 7341 5286 
6775 1782 5092 1784 1978 5880 7003 6540 7587 3647   37  130 1232 7749 5069 7016 
1212  309 7468 7222 2876 3942   73 1315 2539 2527 4425 2550 4222 2005 5904 6990 
6004 1256 4965 7717 1038 3614 1659 6045  626 3846 3383 1579 3431 5123 3799 4047 
1227 3058 3975 7773 6057 7719 7213 6201 6396 6385 5145 2256 4864 1693 6216 6396 
6868 7182 4724  871 3651 4741 1786 7219 1071 1382 4452  218 2269 1980   58 2249 
4467 3613 8045  474  144 6419 2602 3516 3780  183 1769 6804 4856 6090 1585 7924 
7873 5224 4248 1341 5584 5855 2817 1535 3605 5805 4522 6260 4793 1277  749 8114 

 435  618 3176 2856 4321 7215 1164 6554 2482 4956 4957 7067 5907  996 6743 1375 
6221 7649 6858 8051  571 1145 5676 4678 2627 1040 3388   40 6739  643  769 7718 
7036 2944 6277 8126   83 6642 3224 6662 3620 4907 7493 1024 6263  262 8026 6958 
3946  548 1028 7341  751 2071 1046  705 2964 1082 3909 6349  987 1377 5351 1124 
 615 7912  759 6075 4976  199 5250 1573 5124  944 7505  167 3148 4294 2327 5412 
 743 5320 5409 5445  459 4347 4075 5156 7690 3613 4070 1168  228 6892 7104  315 
1640 3445 3093 6007 5391 7658  524  523 2350 2220 7598 2624   10 2510  246 1213 
6375 4886  883 3571 4717 6302 4288 6086 2003 7734 5764 7411   57 1565 6233 1513 
3336 2843 5110 3273  604 3315 2576 4943 7543 4232 5690 5031 1374  533 7341 5286 
6775 1782 5092 1784 1978 5880 7003 6540 7587 3647   37  130 1232 7749 5069 7016 
1212  309 7468 7222 2876 3942   73 1315 2539 2527 4425 2550 4222 2005 5904 6990 
6004 1256 4965 7717 1038 3614 1659 6045  626 3846 3383 1579 3431 5123 3799 4047 
1227 3058 3975 7773 6057 7719 7213 6201 6396 6385 5145 2256 4864 1693 6216 6396 
6868 7182 4724  871 3651 4741 1786 7219 1071 1382 4452  218 2269 1980   58 2249 
4467 3613 8045  474  144 6419 2602 3516 3780  183 1769 6804 4856 6090 1585 7924 
7873 5224 4248 1341 5584 5855 2817 1535 3605 5805 4522 6260 4793 1277  749 8114 

1 
 2701  7333  3483  3820  1123  7035  6087  6905  5889  7508  4928  4089  1291  1221  4703  4180 
 2197  6353  5033  3481  1547  3656  1182  4407  1581  3544  4975   479  2265  2118  3820  4518 
 1768  7445  3660  3729  7836  3140   559  1716  4013  3497  3840   602  2447  4331  3064  7855 
 6283   136    98  5696  2429  4877  4359  4345   989   239  4885  2767    48  6663  6181  7007 
 2990  7858   280   782  1943  2498  6094  6908  1146  4181  5926  2753  1873  5886  3732  3905 
 1261   616  3266  6008  5408   828  6846  1764  7759  7894  3343  8068  5489  4102  5783  7191 
 1351  2335  8023  1065    35  3046  5903  5871  5168  2255  4895  6157  8041  7323  7614  3193 
 7318  3998  4446  4067   640  1819  7271  7066  3593  6090  3487  5296  2098  7788  6721   402 
 7747  7950  7474  2127  2536  5269  1334  3860  5797   956   998  7232  5072  3787   326  2518 
 4239  4653  2655  4846  1834  6362  1648  3772  4338  6302  2866  4193  7961  2355  7915  2623 
  150  2244  2379  1864  5695  3522  7225  7721  5344  6272  4478  3081  4031  7588  7274  3778 
 3434  1057  7200  7824  5736  5087  3784  5147  6374  4429  1041  7239  2466  4065  5232  3998 
 1000  1271  6382   516  6978  2286  1532  6605  5062  1387   667  2013  4891  7187    89  5789 
 7797  2202  3231  1501  4579  3916  5938  3289  4113  7619  2371  1343  4451  1746  8005  3008 
 2213  3554  7228  5113  4672  2578  7238  2632  3976  1705  5544  5395  1063   937  3158  7712 
 7320  3243  3487  2387  4349  6776  6537  3103   902   161  3744  2094  4523  1018  3274  2196 

 3136  7951  6659  6676  5444 14250  7251 13459  8371 12464  9885 11156  7198  2217 11446  5555 
 8418 14002 11891 11532  2118  4801  6858  9085  4208  4584  8363   519  9004  2761  4589 12236 
 8804 10389  9937 11855  7919  9782  3783  8378  7633  8404 11333  1626  8710  4593 11090 14813 
10229   684  1126 13037  3180  6948  5405  5050  3953  1321  8794  9116  1035  8040 11532  8131 
 3605 15770  1039  6857  6919  2697 11344  8481  6270  5125 13431  2920  5021 10180  6059  9317 
 2004  5936  8675 11453  5867  5175 10921  6920 15449 11507  7413  9236  5717 10994 12887  7506 
 2991  5780 11116  7072  5426 10704  6427  6394  7518  4475 12493  8781  8051  9833  7860  4406 
13693  8884  5329  7638  5357  8121 11559 13152  5596 13824  9251 12707  2155  9353 12954  1915 
11083 10793 12584  5400  3140  8584  3910  8803 13340  5188  6688 12263  6446  4320  7667  7804 
11014  6435  7747  6630  3812 12242  8651 10312 11925  9949  2903  4323  9193 10104 12984  9639 
 1362  2553  9847  9086  8571  7464  7298  9036  7883  8799  8903  5631  8253  9593 13178 10768 
 9438  2313 12165 15541  6774  8701  5443 11192  7000  8275  4424  8818  5897  9188  9031  8045 
 2227  4329 10357  8289 13035 10005  8745 12806 11458  7772  5812  4269  9755  8880  6305 12185 
14665  9384  7955  2372  8230  8657  7724 10508  5184  9001  6823  1561  6720  3726  8063  5257 
 6680  7167 15273  5587  4816  8997  9840  6148  7756  1888  7313 12199  5919  7027  4743 15636 
15193  8467  7735  3728  9933 12631  9354  4638  4507  5966  8266  8354  9316  2295  4023 10310 

4 
0 

5 
0 

3 
0 

5 
0 

1 
 4560  1089  1933  7863   750  5433  1042  3565  4936  8005  5198  5081  1578  2992  5965  8169 
   24  2573  1135  6567  5174  4093  5163  5296  7065  7668   909   735  6624  3296  2339  7125 
 1254   719  2688  7869  3098  5200  3902  1447  5537  7313  4975   915   546   735  4863     0 
 3338  3348  2838  6273  7269   707   901  7180  6430  3633  7288  4715  1604  5601  3035  5570 
 1912  2312  7608  4982  3494   334  3567  2061  4396  6156  4019  3781  7985  4480  6517  5364 
 4385  5165  7277  8102  7297  6156  7388  2920    36  7449  2568  4468  4711  8076   602  3373 
 2552  1800  6472  4608  1836  2652  4635  2485  1627  3058  6243   311  4777  1742  8132  3902 
 5805  5359   610  4062  6528   544  5985  7927  3594   952  7819  4745  7782  7528  6357  3180 
 4809  1584  3438  2072  7031  7563  8036  1575  4573  4301  5291  5152   819  5449    60  3703 
 1959   774  3249  1605  3498   445  4818   801  3154  2794  3975  3947  7198  6090  7282   219 
  524  7523  3382  4036  4823   556  4121  5683  5299  6958  3589  1315  7302  3100  7078  3483 
   27  4573  7978  5823   751  4698  4354   786  4797  1525  1526  6179  1753  3889  5714   866 
 1548  3421  1948  8090  2052  3597  4966  1633  6277  1710  3630  6500  1367   870  7249   353 
 4023   904   889  2741  4864   224  6261  4972  1430  4345  3998  2386  5293  7239  3814  4555 
 5050  4528  6553  1803  4264   407  4920  5813  4121   690  7054  4158  1477  3646  3043  5007 
 1005   911   367  2828  7487  1954  5919  7295  3134  1972  5869  1949   954  5474   680  6052 

10115 13325 16746 15994 10067 12939  5448  5480 12740 17644 15966 13126 13763  8249 21601 18479 
11470  7162 12225 18099 11233 16980 13023 18250 14732 20652 14087  9766 12929 11359  7082 11148 
 3471  3480  7281 15909 13278 16194 13735 10800  9857 17417 14568 10103  9426  4461 11890  2295 
10536 12352 11548  7308 12290  6424  8952  9335 12876 12826 15541 10612 11359 12321  8954 14886 
13068  2831  9234 14098  6414  9570 12348 14768 16659 10479  9650 12599 12254  6041 18716 13718 
14270 13528 18610 16896 20728 13569 19881 12171  6724 10352 11471  8892 10523 14899  7915 11639 
15016  6384 14876  5929  6961 14159  9110 16309  6815 13007 15042  8586 12549 10743 10020  9868 
14176  9567  8243  8015 12798 15993 13503 13523 16934 12877 15702 11745 19240 12712 14113  7687 
18268 10669 11816  7122 15512 14483 14430 14727 13376 14613 14327 16344 13625 15957  6208  8341 
 9210  7632  7032  7010 14842 11366 11245 12360  7064 11445 11273  9390 15943 13814 17122  9573 
14774 12324 13164 10984  7520  5731 14825 13804 13883 19200 11053 10016 17307 11757 16075 16114 
 5471  6691 15897  9003  7670 10565  9780  6143  7937  5337 10097 12953 14788 12119 10530 10799 
 8224 14953 13803 21127  8909 15050 12038  9271 11677  8340 12716 22041  9656  3242 12836  4081 
10682 12795 10826  3867  5903  8899 17377 10301 14014 12092 13845 14551 15650 15194 19087 12290 
13001 18530 16942  2487 20034  6343 10700 14697 14914  7125  9607  6471  5806 13030 10210 13474 
 4141  9329  9171 13057 11092  3958  8910 20988 14217 12986  7231 11387  3181 20139  7360 21245 

2 
 5949  2277  3026  6907  6861  3939   202  1397  1427  3697  6296   143  6217  5879  3165   427 
 5842  3355  2794  3743  5941  2281   182  7709  6717  7477  3242  6459  6584  1147   274   123 
 4126  5134  3738  7231  3419  1294  6541  7839  1484    26  3246  4430  6588  4776  2840  1608 
 7313  7529  1399  4043  2237  3239   883  1433   796  4178  5669   372  4880  1597  4522  4323 
 6384  3400  6108  5102  2578  2338  5642   444   256  1183  1947  4209  2662   518  4574  1209 
 4053  5828   802  4605  4765  1991  6349  2197    83  4134  7773  3650  6130   523   547   599 
 6238  7953  7293  5911  5647  5263  6483  4472  7925  4654  1112  4025  3903  7699  4767  4545 
 5464  3567   672  4479  7076  7839  5811  6350  7274  5260  4190  5405  4223  4261  3898  8038 
 8012  5205  6402  6426  1727  1526  7754  4945   407  1695   339  4139  3932  1229  5422  1334 
  959  7385  6952  3656  4151  7450  2441  2589  5490  2786  2559  6077  3473  5296  6439  1282 
 7121  7140  3693  7470  3482  4659  8157  3550  8000  2682  2635  7732  1441  4782  1556  1340 
 4651  1169  4958   709  1963  1585  4542  6904  1804  5037  7768  6548  2298  2558  7876   642 
  984  1643  2903  8183  6205  5769  5374  5129   688  4843  1698  3585  7189  5506  4383  5885 
 7948  5086  6218  5960  6487  5337  7744  2232  2939  5635  4008   739  7158  3252  7491  3655 
 6881  6349  4828  4574  3161  2718  1840  4215  6006  1363  3642  7647  4010  1798  5289  4178 
  510  2021  5009  1170  2605  4272  8040  7277  4932  5343  6724  3099  4966  1972  1257  4957 

649034626 631593416 715441611 684700157 639155468 621250829 720762709 670938330 735916704 762416916 741947773 714669905 734468759 602517518 826126138 697408434 
714184966 611670864 752342870 750961205 726280494 796128139 767317169 736305996 783409807 809316723 831385694 825742261 885899960 686391299 856511845 673455734 
710592694 650933666 796523509 714900026 675727175 769031684 758962241 783063407 810466080 833682015 865315223 787391198 831239094 687176961 810120103 707248595 
589502649 605931811 697493532 685559888 643718850 600755430 632259370 699354265 689343041 766298128 684343386 631080593 650440951 619019233 703331727 704896721 
495857742 479271246 641583858 565757622 556492046 566655382 532119232 568913339 557923825 638878860 636358354 538667602 565388257 492830111 606959789 562336865 
616296771 524123432 687180784 661308625 542051563 625669942 628832336 672947315 640711328 732691095 694216193 643530861 720285261 555597832 712499223 634814131 
972774690 858138460 1071099879 966697666 1026664280 1052651336 1079264142 1122180756 1069450528 1163251562 1146161192 1039245745 1077797628 1022061027 1074444770 989110584 
964321437 850379341 1049928521 916632893 982527628 933105454 1024747929 1096872938 1021136859 1046564434 1034866729 996294337 1033901852 1041060495 1027690282 1033216277 
633726591 604619443 777737423 681392088 694547510 743727219 654995259 719281972 718153135 798762757 822052982 683252554 733138482 625269843 755159369 674738390 
762129069 690911727 874679128 773991796 858811868 826015716 908256485 872273679 822240945 872326693 868645928 793764169 836698912 794332544 793817713 730650842 
871031142 724162796 970451534 805719643 843975841 912531238 896555555 916559039 883535756 1007545498 1010863766 885961958 986093768 885543507 903942397 873080226 
680689235 634662052 770385989 595168283 711780670 686814950 729340409 735866782 734498589 769263112 767370920 674541075 810626865 685450769 821000430 683906619 
743068826 718323945 847672242 760073063 802357042 756892012 855585317 888723106 841941425 818901196 867469771 835094097 826705039 810805371 866379240 808963909 
906939885 849194856 1035495836 948347001 966274492 944062480 963005864 1035866814 982208841 1070901953 1048937748 947801576 962540028 879427899 1052022777 950028389 
731011431 698728898 875502723 790937456 802351090 795576820 798284205 838853187 854054496 895981703 872049142 821775832 836312787 783247760 820790106 805555712 
731320144 605289772 756652053 702601838 729269229 765978293 809881558 864086883 747355942 840239758 811983505 755758030 827894953 753577573 774713685 682454287 

5 
0

1 
 2377  4258  6786   276  2113  8058  1894  2982  2429   441  5694   273  6910  5397   829  7737 
  510  6226  6663  7040  6301  5677  7477  3292  2557  5542  2238  4689  3974   976  3841  6491 
 1175  7216  7824  4329  3363  5754  5540  5980  4503  6736  7791    76  4002  1058  5821  3271 
  556  1945  1500  7990   455  3041  5939  7824  4526  7466  7435  1624   535   638  4926  7155 
 1516  7697  5492  7186  7132   525  5617  7199  5246  1205  3747   169  3743  6023  1678  5524 
 6297   222  6026  1321  7965  3632  6526  4994  4887  2497  6006  6490  4878  4555  5069  1985 
 7353  4599  6713  2894   958  4448  4338  7927  1320  6388  4573  1563   901  6835  5727  1379 
 4245  7294  5578   475  4164  4425  6182  5194  3423  3991  8141  7799  2816   869  2579  7054 
 6919  1367  2703  3638  6189  6441  4125  6367  3023  4498  3189  6309  2163  2101  6592  2675 
 1873  3483   284  3613   901  4926  7430  7360   657  7194  7222  6689  4752   443  1458  2663 
 3509  2677   984  2676   277  7757  1012  1856  1935  8096  7317  3490  3566  5378  1976  3278 
 3017  4649  2324  7490  3613  5170  6981   829  8145   156  3162  2459  3400  2272  4872  6254 
 5702  6774  6866  4051  1063  7199  1433  6785  7449  2878  5960  5572   444  5809  7112  1344 
 7736  3208  7383  5818  7959  1005  6260  3477  6478  4379  7476  7032  2127  1067  6706  5638 
 1784  5090  3685  5444  7701  6664  3762  5956  1107  6126  7406  7141  2000  4292  4833  5270 
 6168  7906  8098  6813  7644  8008  4964  7673  4508  7946   667  7348  5808   375    18  6728 

697410811 673459992 707255381 704896997 562338978 634822189 989112478 1033219259 674740819 730651283 873085920 683906892 808970819 950033786 805556541 682462024 
826126648 856518071 810126766 703338767 606966090 712504900 1074452247 1027693574 755161926 793823255 903944635 821005119 866383214 1052023753 820793947 774720176 
602518693 686398515 687184785 619023562 492833474 555603586 1022066567 1041066475 625274346 794339280 885551298 685450845 810809373 879428957 783253581 753580844 
734469315 885901905 831240594 650448941 565388712 720288302 1077803567 1033909676 733143008 836706378 986101203 810628489 826705574 962540666 836317713 827902108 
714671421 825749958 787396690 631087779 538674734 643531386 1039251362 996301536 683257800 793765374 885965705 674541244 835097840 947807599 821777510 755763554 
741954070 831385916 865321249 684344707 636366319 694219825 1146167718 1034871723 822057869 868648425 1010869772 767377410 867474649 1048942303 872054211 811985490 
762424269 809321322 833688728 766301022 638879818 732695543 1163255900 1046572361 798764077 872333081 1007550071 769264675 818902097 1070908788 895987430 840241137 
735920949 783417101 810471658 689343516 557927989 640715753 1069456710 1021142053 718156558 822244936 883543897 734506388 841944241 982209710 854057075 747362996 
670945249 736307363 783066110 699357903 568919528 672953756 1122184881 1096879305 719284995 872278177 916562228 735873091 888725269 1035868915 838859779 864089558 
720764582 767320652 758962525 632262983 532120133 628837262 1079271572 1024755289 654995916 908263679 896562777 729347098 855590069 963006307 798285663 809884221 
621254338 796130816 769032668 600758106 566655659 625677699 1052652348 933107310 743729154 826023812 912538555 686818440 756895578 944067858 795578796 765981571 
639158485 726285143 675729499 643726340 556495659 542056733 1026671261 982528457 694555655 858812024 843979003 711783129 802360442 966276764 802355962 729275483 
684705859 750967979 714906892 685563939 565758685 661315824 966699099 916639678 681399537 773994674 805725603 595173855 760073507 948352810 790944568 702603182 
715449347 752346078 796530892 697499350 641591817 687181789 1071106139 1049931998 777743901 874683507 970459010 770393021 847674369 1035496903 875509429 756657691 
631595200 611675954 650937351 605937255 479278947 524130096 858142222 850385297 604620550 690917853 724170202 634669193 718325945 849199148 698733731 605295042 
649040794 714192872 710600792 589509462 495865386 616304779 972779654 964329110 633731099 762137015 871031809 680696583 743074634 906940260 731011449 731326872 

0 
3 
2147483646	2147483646	2147483646	2147483646	2147483646	2147483646	2147483646	2147483646	2147483646	2147483646	2147483646	2147483646	2147483646	2147483646	2147483646	2147483646
2147483646	2147483646	2147483646	2147483646	2147483646	2147483646	2147483646	2147483646	2147483646	2147483646	2147483646	2147483646	2147483646	2147483646	2147483646	2147483646
2147483646	2147483646	2147483646	2147483646	2147483646	2147483646	2147483646	2147483646	2147483646	2147483646	2147483646	2147483646	2147483646	2147483646	2147483646	2147483646
2147483646	2147483646	2147483646	2147483646	2147483646	2147483646	2147483646	2147483646	2147483646	2147483646	2147483646	2147483646	2147483646	2147483646	2147483646	2147483646
2147483646	2147483646	2147483646	2147483646	2147483646	2147483646	2147483646	2147483646	2147483646	2147483646	2147483646	2147483646	2147483646	2147483646	2147483646	2147483646
2147483646	2147483646	2147483646	2147483646	2147483646	2147483646	2147483646	2147483646	2147483646	2147483646	2147483646	2147483646	2147483646	2147483646	2147483646	2147483646
2147483646	2147483646	2147483646	2147483646	2147483646	2147483646	2147483646	2147483646	2147483646	2147483646	2147483646	2147483646	2147483646	2147483646	2147483646	2147483646
2147483646	2147483646	2147483646	2147483646	2147483646	2147483646	2147483646	2147483646	2147483646	2147483646	2147483646	2147483646	2147483646	2147483646	2147483646	2147483646
2147483646	2147483646	2147483646	2147483646	2147483646	2147483646	2147483646	2147483646	2147483646	2147483646	2147483646	2147483646	2147483646	2147483646	2147483646	2147483646
2147483646	2147483646	2147483646	2147483646	2147483646	2147483646	2147483646	2147483646	2147483646	2147483646	2147483646	2147483646	2147483646	2147483646	2147483646	2147483646
2147483646	2147483646	2147483646	2147483646	2147483646	2147483646	2147483646	2147483646	2147483646	2147483646	2147483646	2147483646	2147483646	2147483646	2147483646	2147483646
2147483646	2147483646	2147483646	2147483646	2147483646	2147483646	2147483646	2147483646	2147483646	2147483646	2147483646	2147483646	2147483646	2147483646	2147483646	2147483646
2147483646	2147483646	2147483646	2147483646	2147483646	2147483646	2147483646	2147483646	2147483646	2147483646	2147483646	2147483646	2147483646	2147483646	2147483646	2147483646
2147483646	2147483646	2147483646	2147483646	2147483646	2147483646	2147483646	2147483646	2147483646	2147483646	2147483646	2147483646	2147483646	2147483646	2147483646	2147483646
2147483646	2147483646	2147483646	2147483646	2147483646	2147483646	2147483646	2147483646	2147483646	2147483646	2147483646	2147483646	2147483646	2147483646	2147483646	2147483646
2147483646	2147483646	2147483646	2147483646	2147483646	2147483646	2147483646	2147483646	2147483646	2147483646	2147483646	2147483646	2147483646	2147483646	2147483646	2147483646

2147483646	2147483646	2147483646	2147483646	2147483646	2147483646	2147483646	2147483646	2147483646	2147483646	2147483646	2147483646	2147483646	2147483646	2147483646	2147483646
2147483646	2147483646	2147483646	2147483646	2147483646	2147483646	2147483646	2147483646	2147483646	2147483646	2147483646	2147483646	2147483646	2147483646	2147483646	2147483646
2147483646	2147483646	2147483646	2147483646	2147483646	2147483646	2147483646	2147483646	2147483646	2147483646	2147483646	2147483646	2147483646	2147483646	2147483646	2147483646
2147483646	2147483646	2147483646	2147483646	2147483646	2147483646	2147483646	2147483646	2147483646	2147483646	2147483646	2147483646	2147483646	2147483646	2147483646	2147483646
2147483646	2147483646	2147483646	2147483646	2147483646	2147483646	2147483646	2147483646	2147483646	2147483646	2147483646	2147483646	2147483646	2147483646	2147483646	2147483646
2147483646	2147483646	2147483646	2147483646	2147483646	2147483646	2147483646	2147483646	2147483646	2147483646	2147483646	2147483646	2147483646	2147483646	2147483646	2147483646
2147483646	2147483646	2147483646	2147483646	2147483646	2147483646	2147483646	2147483646	2147483646	2147483646	2147483646	2147483646	2147483646	2147483646	2147483646	2147483646
2147483646	2147483646	2147483646	2147483646	2147483646	2147483646	2147483646	2147483646	2147483646	2147483646	2147483646	2147483646	2147483646	2147483646	2147483646	2147483646
2147483646	2147483646	2147483646	2147483646	2147483646	2147483646	2147483646	2147483646	2147483646	2147483646	2147483646	2147483646	2147483646	2147483646	2147483646	2147483646
2147483646	2147483646	2147483646	2147483646	2147483646	2147483646	2147483646	2147483646	2147483646	2147483646	2147483646	2147483646	2147483646	2147483646	2147483646	2147483646
2147483646	2147483646	2147483646	2147483646	2147483646	2147483646	2147483646	2147483646	2147483646	2147483646	2147483646	2147483646	2147483646	2147483646	2147483646	2147483646
2147483646	2147483646	2147483646	2147483646	2147483646	2147483646	2147483646	2147483646	2147483646	2147483646	2147483646	2147483646	2147483646	2147483646	2147483646	2147483646
2147483646	2147483646	2147483646	2147483646	2147483646	2147483646	2147483646	2147483646	2147483646	2147483646	2147483646	2147483646	2147483646	2147483646	2147483646	2147483646
2147483646	2147483646	2147483646	2147483646	2147483646	2147483646	2147483646	2147483646	2147483646	2147483646	2147483646	2147483646	2147483646	2147483646	2147483646	2147483646
2147483646	2147483646	2147483646	2147483646	2147483646	2147483646	2147483646	2147483646	2147483646	2147483646	2147483646	2147483646	2147483646	2147483646	2147483646	2147483646
2147483646	2147483646	2147483646	2147483646	2147483646	2147483646	2147483646	2147483646	2147483646	2147483646	2147483646	2147483646	2147483646	2147483646	2147483646	2147483646


1
1	1	1	1	1	1	1	1	1	1	1	1	1	1	1	1
1	1	1	1	1	1	1	1	1	1	1	1	1	1	1	1
1	1	1	1	1	1	1	1	1	1	1	1	1	1	1	1
1	1	1	1	1	1	1	1	1	1	1	1	1	1	1	1
1	1	1	1	1	1	1	1	1	1	1	1	1	1	1	1
1	1	1	1	1	1	1	1	1	1	1	1	1	1	1	1
1	1	1	1	1	1	1	1	1	1	1	1	1	1	1	1
1	1	1	1	1	1	1	1	1	1	1	1	1	1	1	1
1	1	1	1	1	1	1	1	1	1	1	1	1	1	1	1
1	1	1	1	1	1	1	1	1	1	1	1	1	1	1	1
1	1	1	1	1	1	1	1	1	1	1	1	1	1	1	1
1	1	1	1	1	1	1	1	1	1	1	1	1	1	1	1
1	1	1	1	1	1	1	1	1	1	1	1	1	1	1	1
1	1	1	1	1	1	1	1	1	1	1	1	1	1	1	1
1	1	1	1	1	1	1	1	1	1	1	1	1	1	1	1
1	1	1	1	1	1	1	1	1	1	1	1	1	1	1	1

0	0	0	0	0	0	0	0	0	0	0	0	0	0	0	0
0	0	0	0	0	0	0	0	0	0	0	0	0	0	0	0
0	0	0	0	0	0	0	0	0	0	0	0	0	0	0	0
0	0	0	0	0	0	0	0	0	0	0	0	0	0	0	0
0	0	0	0	0	0	0	0	0	0	0	0	0	0	0	0
0	0	0	0	0	0	0	0	0	0	0	0	0	0	0	0
0	0	0	0	0	0	0	0	0	0	0	0	0	0	0	0
0	0	0	0	0	0	0	0	0	0	0	0	0	0	0	0
0	0	0	0	0	0	0	0	0	0	0	0	0	0	0	0
0	0	0	0	0	0	0	0	0	0	0	0	0	0	0	0
0	0	0	0	0	0	0	0	0	0	0	0	0	0	0	0
0	0	0	0	0	0	0	0	0	0	0	0	0	0	0	0
0	0	0	0	0	0	0	0	0	0	0	0	0	0	0	0
0	0	0	0	0	0	0	0	0	0	0	0	0	0	0	0
0	0	0	0	0	0	0	0	0	0	0	0	0	0	0	0
0	0	0	0	0	0	0	0	0	0	0	0	0	0	0	0

1
2147483646	2147483646	2147483646	2147483646	2147483646	2147483646	2147483646	2147483646	2147483646	2147483646	2147483646	2147483646	2147483646	2147483646	2147483646	2147483646
2147483646	2147483646	2147483646	2147483646	2147483646	2147483646	2147483646	2147483646	2147483646	2147483646	2147483646	2147483646	2147483646	2147483646	2147483646	2147483646
2147483646	2147483646	2147483646	2147483646	2147483646	2147483646	2147483646	2147483646	2147483646	2147483646	2147483646	2147483646	2147483646	2147483646	2147483646	2147483646
2147483646	2147483646	2147483646	2147483646	2147483646	2147483646	2147483646	2147483646	2147483646	2147483646	2147483646	2147483646	2147483646	2147483646	2147483646	2147483646
2147483646	2147483646	2147483646	2147483646	2147483646	2147483646	2147483646	2147483646	2147483646	2147483646	2147483646	2147483646	2147483646	2147483646	2147483646	2147483646
2147483646	2147483646	2147483646	2147483646	2147483646	2147483646	2147483646	2147483646	2147483646	2147483646	2147483646	2147483646	2147483646	2147483646	2147483646	2147483646
2147483646	2147483646	2147483646	2147483646	2147483646	2147483646	2147483646	2147483646	2147483646	2147483646	2147483646	2147483646	2147483646	2147483646	2147483646	2147483646
2147483646	2147483646	2147483646	2147483646	2147483646	2147483646	2147483646	2147483646	2147483646	2147483646	2147483646	2147483646	2147483646	2147483646	2147483646	2147483646
2147483646	2147483646	2147483646	2147483646	2147483646	2147483646	2147483646	2147483646	2147483646	2147483646	2147483646	2147483646	2147483646	2147483646	2147483646	2147483646
2147483646	2147483646	2147483646	2147483646	2147483646	2147483646	2147483646	2147483646	2147483646	2147483646	2147483646	2147483646	2147483646	2147483646	2147483646	2147483646
2147483646	2147483646	2147483646	2147483646	2147483646	2147483646	2147483646	2147483646	2147483646	2147483646	2147483646	2147483646	2147483646	2147483646	2147483646	2147483646
2147483646	2147483646	2147483646	2147483646	2147483646	2147483646	2147483646	2147483646	2147483646	2147483646	2147483646	2147483646	2147483646	2147483646	2147483646	2147483646
2147483646	2147483646	2147483646	2147483646	2147483646	2147483646	2147483646	2147483646	2147483646	2147483646	2147483646	2147483646	2147483646	2147483646	2147483646	2147483646
2147483646	2147483646	2147483646	2147483646	2147483646	2147483646	2147483646	2147483646	2147483646	2147483646	2147483646	2147483646	2147483646	2147483646	2147483646	2147483646
2147483646	2147483646	2147483646	2147483646	2147483646	2147483646	2147483646	2147483646	2147483646	2147483646	2147483646	2147483646	2147483646	2147483646	2147483646	2147483646
2147483646	2147483646	2147483646	2147483646	2147483646	2147483646	2147483646	2147483646	2147483646	2147483646	2147483646	2147483646	2147483646	2147483646	2147483646	2147483646

2147483646	2147483646	2147483646	2147483646	2147483646	2147483646	2147483646	2147483646	2147483646	2147483646	2147483646	2147483646	2147483646	2147483646	2147483646	2147483646
2147483646	2147483646	2147483646	2147483646	2147483646	2147483646	2147483646	2147483646	2147483646	2147483646	2147483646	2147483646	2147483646	2147483646	2147483646	2147483646
2147483646	2147483646	2147483646	2147483646	2147483646	2147483646	2147483646	2147483646	2147483646	2147483646	2147483646	2147483646	2147483646	2147483646	2147483646	2147483646
2147483646	2147483646	2147483646	2147483646	2147483646	2147483646	2147483646	2147483646	2147483646	2147483646	2147483646	2147483646	2147483646	2147483646	2147483646	2147483646
2147483646	2147483646	2147483646	2147483646	2147483646	2147483646	2147483646	2147483646	2147483646	2147483646	2147483646	2147483646	2147483646	2147483646	2147483646	2147483646
2147483646	2147483646	2147483646	2147483646	2147483646	2147483646	2147483646	2147483646	2147483646	2147483646	2147483646	2147483646	2147483646	2147483646	2147483646	2147483646
2147483646	2147483646	2147483646	2147483646	2147483646	2147483646	2147483646	2147483646	2147483646	2147483646	2147483646	2147483646	2147483646	2147483646	2147483646	2147483646
2147483646	2147483646	2147483646	2147483646	2147483646	2147483646	2147483646	2147483646	2147483646	2147483646	2147483646	2147483646	2147483646	2147483646	2147483646	2147483646
2147483646	2147483646	2147483646	2147483646	2147483646	2147483646	2147483646	2147483646	2147483646	2147483646	2147483646	2147483646	2147483646	2147483646	2147483646	2147483646
2147483646	2147483646	2147483646	2147483646	2147483646	2147483646	2147483646	2147483646	2147483646	2147483646	2147483646	2147483646	2147483646	2147483646	2147483646	2147483646
2147483646	2147483646	2147483646	2147483646	2147483646	2147483646	2147483646	2147483646	2147483646	2147483646	2147483646	2147483646	2147483646	2147483646	2147483646	2147483646
2147483646	2147483646	2147483646	2147483646	2147483646	2147483646	2147483646	2147483646	2147483646	2147483646	2147483646	2147483646	2147483646	2147483646	2147483646	2147483646
2147483646	2147483646	2147483646	2147483646	2147483646	2147483646	2147483646	2147483646	2147483646	2147483646	2147483646	2147483646	2147483646	2147483646	2147483646	2147483646
2147483646	2147483646	2147483646	2147483646	2147483646	2147483646	2147483646	2147483646	2147483646	2147483646	2147483646	2147483646	2147483646	2147483646	2147483646	2147483646
2147483646	2147483646	2147483646	2147483646	2147483646	2147483646	2147483646	2147483646	2147483646	2147483646	2147483646	2147483646	2147483646	2147483646	2147483646	2147483646
2147483646	2147483646	2147483646	2147483646	2147483646	2147483646	2147483646	2147483646	2147483646	2147483646	2147483646	2147483646	2147483646	2147483646	2147483646	2147483646

2
2147483646	2147483646	2147483646	2147483646	2147483646	2147483646	2147483646	2147483646	2147483646	2147483646	2147483646	2147483646	2147483646	2147483646	2147483646	2147483646
2147483646	2147483646	2147483646	2147483646	2147483646	2147483646	2147483646	2147483646	2147483646	2147483646	2147483646	2147483646	2147483646	2147483646	2147483646	2147483646
2147483646	2147483646	2147483646	2147483646	2147483646	2147483646	2147483646	2147483646	2147483646	2147483646	2147483646	2147483646	2147483646	2147483646	2147483646	2147483646
2147483646	2147483646	2147483646	2147483646	2147483646	2147483646	2147483646	2147483646	2147483646	2147483646	2147483646	2147483646	2147483646	2147483646	2147483646	2147483646
2147483646	2147483646	2147483646	2147483646	2147483646	2147483646	2147483646	2147483646	2147483646	2147483646	2147483646	2147483646	2147483646	2147483646	2147483646	2147483646
2147483646	2147483646	2147483646	2147483646	2147483646	2147483646	2147483646	2147483646	2147483646	2147483646	2147483646	2147483646	2147483646	2147483646	2147483646	2147483646
2147483646	2147483646	2147483646	2147483646	2147483646	2147483646	2147483646	2147483646	2147483646	2147483646	2147483646	2147483646	2147483646	2147483646	2147483646	2147483646
2147483646	2147483646	2147483646	2147483646	2147483646	2147483646	2147483646	2147483646	2147483646	2147483646	2147483646	2147483646	2147483646	2147483646	2147483646	2147483646
2147483646	2147483646	2147483646	2147483646	2147483646	2147483646	2147483646	2147483646	2147483646	2147483646	2147483646	2147483646	2147483646	2147483646	2147483646	2147483646
2147483646	2147483646	2147483646	2147483646	2147483646	2147483646	2147483646	2147483646	2147483646	2147483646	2147483646	2147483646	2147483646	2147483646	2147483646	2147483646
2147483646	2147483646	2147483646	2147483646	2147483646	2147483646	2147483646	2147483646	2147483646	2147483646	2147483646	2147483646	2147483646	2147483646	2147483646	2147483646
2147483646	2147483646	2147483646	2147483646	2147483646	2147483646	2147483646	2147483646	2147483646	2147483646	2147483646	2147483646	2147483646	2147483646	2147483646	2147483646
2147483646	2147483646	2147483646	2147483646	2147483646	2147483646	2147483646	2147483646	2147483646	2147483646	2147483646	2147483646	2147483646	2147483646	2147483646	2147483646
2147483646	2147483646	2147483646	2147483646	2147483646	2147483646	2147483646	2147483646	2147483646	2147483646	2147483646	2147483646	2147483646	2147483646	2147483646	2147483646
2147483646	2147483646	2147483646	2147483646	2147483646	2147483646	2147483646	2147483646	2147483646	2147483646	2147483646	2147483646	2147483646	2147483646	2147483646	2147483646
2147483646	2147483646	2147483646	2147483646	2147483646	2147483646	2147483646	2147483646	2147483646	2147483646	2147483646	2147483646	2147483646	2147483646	2147483646	2147483646

16	16	16	16	16	16	16	16	16	16	16	16	16	16	16	16
16	16	16	16	16	16	16	16	16	16	16	16	16	16	16	16
16	16	16	16	16	16	16	16	16	16	16	16	16	16	16	16
16	16	16	16	16	16	16	16	16	16	16	16	16	16	16	16
16	16	16	16	16	16	16	16	16	16	16	16	16	16	16	16
16	16	16	16	16	16	16	16	16	16	16	16	16	16	16	16
16	16	16	16	16	16	16	16	16	16	16	16	16	16	16	16
16	16	16	16	16	16	16	16	16	16	16	16	16	16	16	16
16	16	16	16	16	16	16	16	16	16	16	16	16	16	16	16
16	16	16	16	16	16	16	16	16	16	16	16	16	16	16	16
16	16	16	16	16	16	16	16	16	16	16	16	16	16	16	16
16	16	16	16	16	16	16	16	16	16	16	16	16	16	16	16
16	16	16	16	16	16	16	16	16	16	16	16	16	16	16	16
16	16	16	16	16	16	16	16	16	16	16	16	16	16	16	16
16	16	16	16	16	16	16	16	16	16	16	16	16	16	16	16
16	16	16	16	16	16	16	16	16	16	16	16	16	16	16	16
