1000
0 206 501 397 282 488 340 
7 410 125 423 212 499 96 
5 439 5 281 418 130 5 
0 258 199 122 305 147 194 
6 53 318 398 13 163 426 
1 499 481 100 9 308 477 
1 246 121 4 214 482 13 
4 201 303 446 383 448 237 
0 205 191 414 161 145 292 
7 67 0 188 195 159 394 
5 53 144 226 506 165 95 
1 502 390 433 360 65 79 
3 471 42 374 344 27 373 
7 364 321 175 18 344 77 
5 391 343 381 229 245 88 
6 310 315 445 362 205 122 
1 306 81 53 504 366 30 
1 254 233 211 467 98 352 
4 364 9 432 460 458 365 
6 177 379 272 460 461 197 
3 36 268 282 322 262 42 
7 387 363 505 229 429 398 
3 459 187 452 201 176 487 
5 287 496 104 452 77 231 
2 229 362 393 255 175 291 
3 482 209 274 314 358 284 
4 482 451 395 218 464 177 
3 38 348 8 467 219 215 
3 433 232 365 246 383 384 
5 202 98 305 371 492 207 
1 62 52 316 270 52 474 
3 484 331 306 379 394 507 
0 150 202 274 34 331 498 
6 48 209 91 273 504 399 
4 226 293 159 389 259 463 
0 410 100 447 41 7 271 
3 27 320 162 233 437 196 
4 138 368 25 167 221 216 
1 411 313 336 482 225 191 
6 219 366 331 403 486 219 
1 219 156 256 124 20 490 
5 242 308 346 355 320 230 
5 56 465 25 132 455 33 
4 83 479 493 226 82 416 
5 401 211 473 164 148 450 
2 314 272 246 445 214 127 
3 421 299 457 174 73 249 
1 466 96 81 470 57 341 
7 415 220 116 108 54 448 
3 419 316 275 396 124 469 
2 353 269 138 335 12 372 
1 151 106 31 30 82 122 
5 332 65 423 188 425 315 
0 7 213 256 476 333 426 
1 86 181 120 204 239 130 
0 497 371 4 50 461 288 
4 203 506 372 498 208 109 
1 469 233 81 507 95 226 
5 258 207 163 356 371 228 
2 47 218 232 325 29 270 
1 13 76 373 492 73 352 
2 395 152 28 414 484 401 
3 92 489 39 462 164 301 
7 445 120 404 191 111 124 
4 175 52 481 24 6 112 
6 35 284 236 423 312 171 
7 356 302 311 297 418 258 
4 442 250 374 321 211 62 
4 466 318 425 217 382 109 
5 248 293 222 128 258 274 
4 62 245 118 307 24 249 
7 80 464 148 489 257 101 
7 49 416 147 76 62 455 
3 153 45 493 9 363 136 
2 340 99 151 327 87 27 
6 78 189 125 246 258 289 
3 362 53 373 148 94 20 
5 237 215 395 504 310 178 
7 481 142 267 159 275 439 
2 182 121 426 192 145 3 
6 428 262 201 10 0 463 
2 163 96 222 16 270 326 
4 36 294 288 104 426 449 
1 460 150 20 453 440 217 
0 360 77 445 192 362 25 
6 187 255 413 194 355 479 
7 419 453 163 168 137 409 
4 202 250 116 477 426 212 
6 453 0 312 122 140 40 
5 182 159 136 159 423 373 
4 176 396 34 254 68 454 
3 410 12 429 366 442 354 
4 41 51 247 371 360 434 
4 123 264 209 38 152 279 
4 236 34 62 314 119 450 
3 206 491 248 78 338 67 
2 14 192 155 351 182 501 
7 288 143 150 327 251 383 
4 186 271 131 294 419 348 
3 211 248 274 112 268 38 
2 437 245 216 447 393 464 
0 309 308 337 464 392 272 
0 472 479 291 18 234 475 
0 166 246 10 507 320 28 
6 8 473 190 167 344 488 
1 501 194 337 258 283 64 
7 148 149 491 305 397 172 
4 50 440 22 158 65 235 
3 349 136 208 1 363 293 
1 197 347 60 279 394 64 
1 484 462 22 267 364 251 
0 429 447 505 157 468 341 
3 104 64 442 310 147 382 
5 489 334 24 100 101 472 
1 75 362 380 392 421 452 
0 283 40 474 273 26 289 
0 163 25 190 239 321 52 
2 54 17 297 312 100 116 
2 38 183 405 429 169 327 
4 65 340 471 466 351 148 
2 170 469 343 333 123 341 
7 105 281 117 210 106 334 
5 298 29 108 288 456 126 
3 112 38 182 1 63 204 
2 453 40 393 402 335 20 
4 276 4 350 172 191 482 
1 310 216 167 505 16 25 
3 136 429 353 440 212 90 
0 63 246 403 193 420 449 
3 207 405 197 270 391 176 
1 262 351 406 43 494 284 
4 447 339 221 412 454 456 
1 18 334 301 95 407 118 
5 118 300 14 498 120 332 
0 153 283 488 193 89 59 
7 464 400 494 364 94 227 
4 67 160 155 62 308 385 
1 263 424 62 421 435 263 
5 224 406 204 338 56 441 
6 109 281 210 230 140 400 
7 135 201 288 384 444 434 
0 455 507 272 36 367 86 
3 322 269 115 123 19 494 
1 142 127 436 289 333 357 
6 155 455 164 323 46 135 
6 221 186 96 300 450 26 
7 95 18 369 481 464 168 
5 312 135 260 302 30 161 
5 243 502 122 256 325 77 
5 185 413 280 272 133 86 
2 191 504 285 47 310 87 
3 504 469 359 506 85 263 
7 191 1 461 493 336 78 
2 388 260 356 298 335 434 
6 78 229 280 310 2 244 
4 310 154 316 357 430 327 
3 458 217 325 467 449 355 
7 309 412 56 225 272 23 
5 102 260 281 506 129 192 
2 32 298 380 380 57 405 
4 18 332 314 152 55 406 
5 280 61 67 259 253 116 
3 135 252 55 507 478 457 
4 92 156 491 29 500 170 
1 245 467 409 440 188 471 
0 428 194 313 393 342 222 
1 71 356 30 313 105 23 
2 89 130 310 379 440 72 
0 23 288 254 445 76 243 
1 342 493 429 107 58 131 
0 153 212 447 6 296 475 
7 489 294 487 318 35 366 
6 62 142 267 217 407 29 
6 263 444 128 240 277 470 
7 157 151 407 356 43 374 
3 410 490 232 91 144 276 
1 202 114 191 84 462 49 
7 301 180 266 243 170 324 
6 168 323 9 296 339 313 
4 410 295 349 493 281 186 
0 144 506 74 417 487 247 
3 125 135 125 478 30 442 
2 422 414 124 185 38 0 
2 11 142 447 144 430 3 
2 489 474 180 322 335 11 
0 173 492 149 150 292 197 
7 277 399 165 33 5 310 
1 315 105 144 262 181 33 
0 342 361 154 166 39 18 
4 386 241 64 388 373 433 
3 174 145 120 212 419 486 
3 21 255 459 397 134 25 
5 136 57 296 424 78 141 
4 43 388 313 122 203 455 
7 278 442 319 387 21 215 
1 220 96 372 60 45 449 
2 142 226 443 7 296 345 
1 51 34 6 125 350 336 
4 409 268 440 107 320 325 
4 64 12 471 366 304 390 
4 438 455 319 107 360 487 
7 72 435 432 325 325 176 
5 499 33 346 445 0 448 
4 197 152 184 150 25 399 
2 138 211 431 352 469 66 
5 410 85 343 390 384 379 
5 27 215 386 305 473 357 
6 340 66 24 126 206 142 
6 221 324 167 418 258 436 
3 170 340 226 66 205 193 
2 451 98 375 183 41 149 
4 435 38 25 374 258 484 
0 161 95 309 309 151 34 
5 95 357 42 123 360 202 
4 346 92 180 326 337 430 
3 418 429 162 455 225 152 
0 363 99 210 134 27 178 
0 351 323 485 192 405 55 
7 264 32 324 358 176 19 
4 156 152 324 433 239 32 
4 315 495 92 174 228 280 
3 186 208 199 232 428 61 
4 479 462 334 448 224 455 
0 111 246 505 214 21 474 
4 145 87 406 209 143 263 
4 361 121 193 257 389 320 
1 371 57 375 44 341 11 
6 432 401 307 111 400 444 
3 344 429 44 182 45 412 
6 117 24 64 26 416 107 
6 486 247 477 199 285 183 
1 453 326 217 78 401 177 
6 365 442 286 238 38 58 
7 247 269 43 62 184 42 
0 254 437 162 103 488 18 
6 318 285 367 215 209 408 
2 376 496 128 419 397 432 
5 183 382 141 243 443 292 
2 417 419 74 340 482 335 
6 435 111 199 112 407 477 
5 225 13 447 72 449 246 
3 315 122 360 394 9 53 
0 93 432 143 408 484 448 
1 329 326 314 416 98 66 
5 369 126 424 487 481 373 
7 396 459 107 45 256 462 
6 235 312 398 321 24 339 
1 447 393 386 406 261 306 
6 48 125 94 209 449 290 
6 394 209 46 62 452 39 
5 356 204 274 390 93 355 
7 238 128 468 88 443 132 
4 376 413 318 280 140 121 
3 401 470 186 336 185 396 
7 150 190 456 472 237 129 
4 58 74 169 10 386 414 
6 109 283 225 202 418 196 
6 462 171 233 264 129 32 
6 15 122 222 29 421 245 
5 391 80 131 265 458 386 
7 465 197 270 325 47 218 
7 24 223 196 201 257 140 
0 272 1 13 289 486 154 
1 76 78 201 90 131 364 
6 184 506 259 454 131 326 
7 432 91 135 5 297 487 
3 337 311 200 423 84 289 
0 324 68 506 405 445 476 
7 237 408 125 439 156 94 
3 369 361 157 128 43 125 
0 324 470 267 331 225 133 
5 225 415 320 223 348 122 
0 507 6 387 205 153 141 
3 396 274 123 234 423 24 
2 82 491 391 140 40 431 
2 206 61 483 24 104 363 
5 72 89 185 131 373 348 
7 331 463 361 6 418 260 
5 373 393 93 304 451 351 
0 187 391 152 486 327 95 
6 137 203 401 365 475 70 
5 446 83 453 258 324 92 
7 456 211 402 223 389 406 
6 480 377 229 306 461 462 
5 147 139 288 263 22 93 
4 89 397 344 400 95 213 
0 15 265 2 389 254 59 
6 142 177 188 330 197 244 
6 472 463 28 451 147 424 
5 82 344 458 504 488 323 
5 76 48 229 32 7 74 
7 218 170 31 279 244 367 
1 85 446 319 378 328 306 
0 387 165 360 102 376 488 
1 491 365 253 173 95 280 
0 224 493 61 305 228 111 
2 262 353 168 155 337 398 
0 375 386 50 470 417 231 
5 321 83 493 428 236 113 
7 60 493 438 176 86 254 
6 127 12 483 118 35 325 
2 128 16 195 159 84 246 
6 164 149 62 179 494 452 
7 166 479 168 297 195 163 
3 268 174 438 411 356 442 
0 193 167 429 100 451 150 
2 334 320 8 288 450 312 
6 412 486 121 19 26 160 
2 476 66 309 479 139 230 
0 233 57 163 187 504 197 
7 155 406 253 39 48 505 
3 263 303 1 106 27 351 
4 143 14 376 338 291 132 
3 273 345 207 70 151 408 
1 162 125 474 377 24 164 
0 94 99 62 72 364 70 
2 259 122 398 195 67 374 
2 19 442 48 235 433 312 
2 176 175 372 389 36 291 
2 117 340 46 203 180 450 
3 345 38 122 96 508 124 
5 102 28 381 463 243 321 
5 382 341 28 137 301 192 
7 241 478 455 29 110 477 
2 122 497 290 291 297 106 
4 481 54 135 379 11 268 
3 206 4 287 212 225 81 
6 61 62 396 447 355 242 
1 299 90 359 354 123 381 
2 119 20 277 158 503 339 
0 185 483 448 446 94 36 
2 117 362 502 132 435 5 
2 438 392 191 109 31 506 
1 387 66 175 236 472 479 
5 144 315 28 251 379 270 
1 212 488 467 102 130 151 
0 129 108 132 454 439 174 
1 63 130 116 252 24 192 
2 465 447 84 106 257 185 
1 165 175 419 203 408 145 
3 182 356 105 362 288 280 
4 262 479 322 457 257 433 
1 425 457 425 266 330 47 
0 172 38 480 305 152 211 
4 281 14 388 109 47 472 
5 61 124 481 158 473 371 
4 415 420 275 476 122 98 
1 137 122 48 419 178 61 
6 321 221 334 123 317 499 
3 405 165 66 279 175 120 
0 240 339 339 150 201 108 
7 482 333 398 77 80 128 
2 84 272 182 171 32 447 
3 154 216 459 349 403 423 
6 46 7 291 332 245 484 
1 290 269 362 52 152 351 
5 111 117 448 224 129 46 
1 37 335 190 498 245 180 
2 341 86 52 213 77 503 
1 430 30 132 496 223 298 
3 310 201 333 388 302 29 
2 50 415 367 128 194 114 
7 117 229 274 495 26 309 
2 108 472 59 33 407 101 
3 164 365 74 73 63 326 
5 292 143 390 1 196 5 
2 466 382 496 340 87 442 
4 437 473 264 350 228 199 
6 260 26 473 30 120 163 
7 253 507 432 134 299 407 
6 488 46 186 300 267 396 
2 176 446 392 493 63 503 
6 12 198 506 139 116 458 
6 244 155 114 128 93 138 
0 70 458 233 392 239 207 
2 299 229 440 177 506 368 
2 12 445 154 119 357 108 
7 278 66 342 320 128 278 
4 458 279 476 375 330 367 
4 459 419 425 68 440 397 
2 233 386 431 206 220 470 
1 488 166 15 31 51 132 
5 104 334 492 120 30 300 
5 501 480 52 97 183 89 
1 311 241 249 151 278 310 
3 466 370 287 458 241 476 
6 340 233 422 299 203 445 
5 397 370 267 12 79 33 
3 262 292 464 239 34 63 
7 502 386 337 338 432 5 
3 445 264 479 102 137 479 
1 22 303 232 364 466 154 
4 260 14 447 280 91 37 
4 427 393 507 275 306 290 
1 468 380 261 373 477 505 
2 11 172 467 174 200 401 
7 356 198 230 161 106 328 
5 28 72 419 190 178 352 
2 370 378 489 192 446 416 
4 360 478 470 392 74 420 
4 390 280 353 139 327 349 
0 464 496 401 156 171 7 
3 237 330 319 8 352 46 
0 339 444 196 234 170 376 
4 153 311 72 385 145 48 
4 485 217 212 434 110 500 
1 284 453 85 370 505 486 
2 269 448 497 24 33 135 
6 480 99 193 229 427 480 
0 107 379 418 433 206 245 
3 168 348 206 80 480 134 
4 118 101 0 96 211 183 
0 168 207 432 317 73 300 
5 364 259 377 333 411 298 
6 355 112 56 179 410 348 
7 191 453 280 145 489 199 
5 434 67 59 432 199 505 
5 270 36 44 3 355 402 
0 477 7 17 48 266 257 
6 10 464 383 225 494 291 
2 353 296 32 99 184 82 
1 125 467 502 170 264 281 
7 233 352 46 21 209 222 
6 376 127 477 373 428 165 
0 215 320 134 216 466 273 
1 73 202 19 106 159 160 
4 256 334 409 391 496 236 
6 347 162 500 31 352 466 
2 224 127 161 278 265 217 
1 117 304 86 429 166 33 
5 380 188 94 124 205 347 
7 507 321 361 383 310 305 
6 408 227 500 459 81 302 
0 232 104 460 61 496 20 
2 435 23 461 297 92 309 
7 418 186 344 423 229 16 
7 504 61 100 470 217 472 
6 134 181 434 200 416 59 
2 324 224 254 377 225 372 
5 253 487 360 466 99 441 
0 499 138 265 459 295 215 
3 160 106 287 119 343 231 
6 457 80 144 444 126 215 
1 245 207 221 377 85 352 
0 257 197 279 333 408 144 
6 60 182 457 293 377 413 
1 111 4 482 444 458 429 
1 345 182 174 205 370 107 
1 270 381 419 6 103 247 
1 397 484 45 340 129 417 
4 210 42 147 257 343 138 
0 62 298 214 279 223 381 
5 200 145 67 251 26 199 
1 86 189 243 434 406 460 
0 340 392 480 104 339 274 
1 236 251 396 466 365 456 
1 70 137 188 325 245 125 
2 187 397 354 36 52 130 
4 204 279 346 194 25 398 
3 9 279 392 101 19 244 
3 326 87 138 45 74 506 
1 6 1 137 464 166 47 
7 4 492 103 501 293 50 
0 314 207 312 167 496 276 
3 143 74 297 357 424 40 
4 317 164 495 220 343 148 
3 144 176 228 400 130 42 
2 125 407 8 200 295 241 
0 377 254 61 438 402 193 
4 375 38 116 184 450 245 
2 404 402 266 422 73 229 
5 183 313 155 71 487 160 
6 247 107 315 367 183 98 
2 385 35 109 88 360 3 
3 129 241 162 484 124 349 
6 236 333 195 258 366 410 
3 31 456 255 204 366 102 
4 179 57 345 301 317 308 
3 18 415 144 88 234 205 
5 504 136 204 233 84 265 
1 340 124 76 349 109 338 
7 302 206 456 214 465 221 
2 348 298 133 497 272 7 
2 449 198 65 78 373 372 
7 245 316 393 40 299 490 
1 13 326 29 434 2 113 
6 261 492 127 106 352 84 
6 144 364 499 459 91 307 
1 207 444 481 301 430 58 
6 492 63 415 475 23 133 
3 403 453 365 266 500 101 
0 385 224 324 49 263 411 
0 485 82 481 256 442 379 
1 98 384 122 313 195 180 
1 202 174 18 89 19 112 
7 388 57 359 383 64 347 
2 300 142 315 259 453 370 
6 412 219 76 258 386 49 
0 263 17 93 272 230 265 
7 216 390 139 459 67 424 
5 121 504 319 34 353 265 
1 301 27 158 458 78 504 
4 242 498 350 61 230 103 
7 420 411 476 181 225 122 
2 309 424 18 486 13 285 
6 428 328 275 456 33 502 
1 197 338 18 251 348 472 
0 288 77 226 331 177 263 
6 359 417 302 254 26 207 
6 380 285 155 223 124 61 
5 182 195 159 420 323 411 
0 290 307 293 111 219 54 
5 236 302 338 227 243 346 
7 502 414 112 252 368 199 
7 95 278 116 84 81 446 
1 231 72 58 496 208 348 
4 475 341 196 329 284 277 
2 211 146 158 350 93 155 
3 414 339 247 99 273 157 
3 432 264 227 171 412 124 
5 174 499 61 243 155 233 
0 468 231 264 466 137 337 
3 254 409 201 466 360 355 
1 140 492 135 126 311 447 
3 261 334 334 169 426 54 
0 297 122 322 417 223 295 
7 41 480 181 380 26 127 
3 416 3 68 78 128 249 
0 382 307 428 373 381 224 
6 291 65 316 450 415 102 
6 21 235 70 308 484 258 
4 166 452 261 67 274 257 
1 271 95 350 113 412 372 
2 408 265 350 220 203 270 
3 353 443 55 337 252 30 
2 142 275 391 237 223 32 
7 307 36 438 202 8 374 
0 320 469 61 450 76 403 
7 63 110 292 165 469 301 
6 204 352 79 427 309 56 
2 301 423 26 252 210 424 
0 474 286 357 248 97 307 
4 62 352 91 27 109 268 
7 488 335 486 316 463 201 
0 456 274 457 165 320 208 
0 175 102 159 260 421 491 
3 52 281 406 369 435 121 
4 105 75 447 388 360 357 
3 431 299 192 482 271 77 
2 154 45 237 380 139 281 
5 443 495 166 53 261 288 
6 291 381 330 204 240 30 
6 247 315 447 329 352 488 
5 226 303 472 208 338 238 
4 47 264 359 476 243 443 
2 189 319 156 226 499 473 
7 11 218 406 31 15 320 
7 412 17 136 101 187 341 
6 72 219 37 186 467 374 
1 341 371 221 469 346 351 
1 488 20 107 148 195 1 
2 17 382 276 36 136 56 
3 398 4 181 453 242 378 
3 132 313 168 362 198 112 
7 117 139 507 128 28 439 
0 473 239 60 67 215 167 
4 475 107 461 362 103 114 
3 293 313 363 67 157 97 
1 404 158 504 273 214 0 
2 406 5 292 51 303 406 
0 184 433 502 121 164 146 
6 131 331 315 132 174 388 
5 169 41 271 161 231 353 
3 56 103 382 392 240 258 
1 476 289 124 484 251 258 
3 261 320 506 139 406 325 
1 349 480 148 434 65 385 
5 265 383 92 371 400 349 
6 253 163 76 455 385 170 
5 67 256 249 386 499 77 
2 283 484 227 485 329 220 
1 96 462 92 247 218 65 
5 220 459 474 403 58 69 
2 111 196 208 297 429 440 
7 363 311 313 388 201 29 
6 378 291 439 394 210 205 
0 431 484 29 408 365 34 
2 219 42 98 183 476 253 
2 324 392 305 26 278 361 
4 190 87 235 407 236 218 
0 61 242 204 342 461 90 
0 154 334 100 240 250 32 
1 178 174 486 35 188 102 
4 71 160 337 160 462 231 
4 303 445 62 136 266 322 
7 227 341 465 217 44 96 
0 183 87 272 68 412 454 
6 275 112 106 363 90 52 
3 266 216 152 94 63 240 
2 361 365 489 221 147 78 
5 479 270 81 248 144 436 
4 102 292 108 287 88 331 
1 36 369 265 27 365 104 
6 151 443 71 296 396 432 
4 228 304 138 126 201 456 
1 476 321 304 156 288 477 
1 117 308 253 364 23 126 
7 249 64 372 499 195 495 
6 34 243 81 76 159 485 
6 507 477 437 263 420 340 
0 60 268 70 450 10 133 
0 391 378 183 192 51 287 
7 170 393 73 450 260 481 
1 186 350 336 182 6 123 
0 259 206 141 343 407 133 
7 183 227 365 447 332 453 
3 164 182 61 372 416 66 
7 465 3 429 80 158 47 
5 404 494 477 505 500 221 
3 380 54 30 323 372 53 
0 189 101 88 138 104 167 
5 232 456 339 34 362 443 
7 35 107 494 250 295 226 
6 452 271 15 196 70 424 
3 413 432 363 8 315 28 
0 285 398 444 163 304 19 
4 96 40 160 33 207 212 
1 317 337 390 388 282 132 
7 468 79 384 322 335 190 
2 207 302 109 277 142 354 
6 394 373 306 164 37 444 
4 36 369 185 278 137 403 
3 421 350 43 420 341 82 
3 235 498 71 159 202 502 
7 400 47 138 461 341 163 
4 434 446 92 263 313 471 
6 363 137 259 503 14 174 
7 239 67 202 500 101 198 
3 51 236 42 401 429 425 
0 122 286 440 77 483 60 
5 2 102 382 229 280 87 
2 272 140 242 86 452 303 
5 199 248 256 356 123 416 
2 172 244 405 340 362 273 
7 16 289 232 50 308 172 
5 262 91 353 15 405 89 
3 436 487 225 424 312 238 
2 495 221 185 410 89 406 
4 497 266 484 269 362 38 
1 261 7 415 238 226 276 
7 506 56 496 387 280 443 
6 469 54 352 229 476 307 
7 405 291 421 399 344 467 
5 142 292 109 391 102 167 
6 359 267 264 481 406 217 
4 362 22 284 167 491 167 
3 352 101 66 39 273 266 
3 161 70 306 104 490 9 
3 185 230 29 469 359 76 
4 239 120 94 234 0 399 
0 339 282 434 235 453 107 
6 99 373 107 279 489 244 
5 293 491 126 411 256 167 
4 45 231 156 252 410 305 
2 407 332 343 145 285 331 
1 14 409 143 103 495 256 
3 404 220 221 226 507 293 
6 347 46 382 79 507 211 
4 482 80 479 443 73 123 
7 35 286 261 416 141 508 
1 439 9 245 136 248 45 
5 257 126 308 35 112 171 
2 385 493 474 86 89 478 
2 171 364 136 195 461 431 
6 326 357 107 301 352 337 
5 171 145 153 372 236 353 
6 410 129 373 345 462 156 
4 274 133 411 380 441 422 
4 100 56 105 480 169 415 
2 22 216 36 326 307 274 
4 170 295 504 283 415 424 
1 469 191 69 406 17 173 
6 54 0 85 339 157 453 
7 88 385 426 429 461 506 
5 95 504 287 33 88 383 
0 156 447 384 425 79 189 
6 337 228 380 179 71 452 
4 297 24 352 307 486 261 
5 329 445 435 116 312 381 
1 311 38 216 498 160 106 
2 27 180 392 289 304 41 
0 434 454 110 275 142 57 
1 503 352 282 505 339 371 
5 494 375 230 244 286 279 
5 434 234 192 389 339 268 
2 158 319 8 170 404 500 
7 212 397 130 437 193 397 
7 387 392 242 439 193 142 
5 12 303 373 319 240 312 
6 424 124 204 89 12 399 
2 303 441 488 63 306 200 
7 466 487 474 506 295 184 
2 204 288 192 290 289 434 
5 123 83 179 453 74 283 
5 2 214 194 140 59 463 
5 67 398 377 265 95 153 
6 266 206 501 453 229 11 
0 414 93 490 34 64 339 
2 241 244 171 274 418 474 
4 342 350 303 289 125 392 
2 342 47 479 395 216 404 
0 196 143 34 217 351 477 
2 358 246 459 286 187 499 
2 494 311 335 238 200 21 
3 45 313 305 391 94 310 
3 283 397 28 480 288 484 
5 29 466 262 390 206 102 
7 26 212 418 19 455 212 
7 144 477 251 321 451 391 
0 188 256 94 278 402 225 
5 394 359 341 284 496 48 
1 342 108 387 258 437 165 
0 443 258 359 378 472 141 
5 184 454 196 206 391 38 
2 309 392 498 0 444 181 
5 382 197 27 303 291 16 
6 360 454 165 175 461 456 
5 216 234 99 285 72 443 
3 258 138 415 359 175 233 
7 44 87 147 208 92 194 
6 487 179 376 90 38 212 
0 4 213 335 107 288 359 
6 425 487 458 219 218 428 
3 67 233 192 416 451 433 
0 105 383 245 210 430 448 
4 122 238 295 244 391 170 
4 42 367 489 179 288 430 
4 273 463 22 284 30 105 
0 317 265 456 410 371 54 
0 497 427 439 42 294 462 
4 310 134 131 302 467 56 
7 400 441 227 99 92 66 
1 333 456 185 418 293 141 
5 508 73 469 322 126 325 
2 445 121 12 449 198 497 
6 290 400 210 43 1 82 
1 209 376 301 227 435 414 
1 199 49 235 476 194 175 
1 15 138 376 174 297 63 
0 117 337 194 79 17 72 
2 151 464 429 46 391 145 
5 313 291 440 81 8 343 
3 80 197 43 152 386 96 
2 249 283 443 29 151 123 
0 126 320 276 484 78 468 
0 135 284 175 47 357 19 
6 424 70 182 128 236 375 
3 176 131 202 36 122 2 
0 429 203 439 229 403 50 
2 333 333 502 159 446 207 
0 37 154 294 395 183 209 
7 410 67 329 95 508 233 
7 486 274 13 458 18 174 
2 391 131 146 370 460 77 
0 357 54 278 164 438 504 
5 466 245 295 72 485 430 
0 475 334 187 450 153 278 
3 219 61 144 134 260 111 
0 462 312 406 486 276 251 
4 21 383 96 77 146 181 
1 427 425 239 480 463 72 
6 266 418 454 360 154 71 
4 29 27 14 326 187 106 
1 151 102 263 475 449 368 
4 100 109 479 334 68 445 
3 295 460 144 308 218 247 
4 206 152 270 67 141 167 
0 97 339 395 114 240 505 
0 314 436 1 344 106 438 
5 126 306 381 63 134 19 
5 384 460 218 121 131 231 
4 80 324 387 159 286 162 
0 347 7 25 12 282 285 
7 239 500 502 138 321 403 
7 170 88 353 234 507 226 
3 208 0 291 120 75 164 
7 208 106 501 165 96 385 
6 323 218 80 424 127 14 
3 415 314 300 86 15 82 
6 29 300 26 173 434 316 
1 138 317 424 122 494 138 
7 441 455 213 173 84 460 
5 501 431 392 459 209 181 
6 486 138 151 45 211 244 
1 250 166 175 371 177 78 
7 132 474 292 94 14 196 
0 481 244 96 267 75 179 
7 278 42 417 85 134 80 
5 99 392 137 88 17 45 
6 327 141 415 302 5 475 
3 170 431 210 20 128 131 
3 38 85 210 152 433 50 
7 344 345 204 359 496 333 
4 303 34 353 177 423 119 
5 181 64 79 69 313 181 
3 360 443 320 294 340 31 
1 94 165 377 289 61 124 
3 350 367 191 429 220 107 
0 400 456 159 404 458 448 
7 272 491 295 292 108 480 
6 3 290 198 184 347 501 
7 266 341 507 165 24 41 
4 185 201 37 168 195 62 
5 307 244 265 398 311 305 
6 437 503 71 113 121 429 
6 280 462 306 380 185 503 
4 182 15 20 395 395 482 
0 175 68 347 283 105 492 
4 340 508 180 312 138 360 
0 298 447 299 223 164 111 
6 228 138 131 116 320 414 
3 131 180 80 490 449 474 
5 268 61 72 112 205 351 
3 403 367 130 374 476 363 
1 92 472 114 175 487 16 
3 17 50 444 393 109 436 
1 408 365 351 82 366 218 
0 308 270 73 222 130 49 
2 18 327 184 154 158 197 
4 58 206 138 331 109 445 
2 24 20 455 70 170 150 
3 383 312 434 141 71 463 
2 159 496 203 20 417 271 
2 156 116 210 341 83 9 
4 89 71 10 126 18 250 
5 64 32 195 350 300 407 
5 488 101 132 384 421 466 
6 392 446 133 342 29 403 
1 402 478 385 397 223 103 
5 158 40 486 481 46 495 
4 332 323 394 291 507 83 
3 495 235 113 146 37 176 
5 90 129 410 178 138 437 
7 421 351 262 86 69 34 
5 148 165 267 226 25 120 
3 162 156 431 311 474 236 
6 486 34 47 82 74 31 
6 341 308 342 456 239 396 
7 262 442 227 506 74 225 
6 245 472 446 402 34 359 
2 418 299 455 361 25 473 
6 367 389 428 72 214 73 
6 490 366 366 117 249 342 
5 206 88 76 268 172 465 
2 41 421 242 161 483 264 
2 171 7 22 67 379 12 
1 270 192 394 209 259 76 
1 80 12 46 257 249 140 
6 33 129 25 434 46 119 
5 373 212 82 336 366 194 
7 130 375 211 221 458 429 
6 449 133 289 315 34 294 
4 47 486 10 102 336 325 
7 469 399 354 186 215 32 
4 291 452 461 336 5 101 
4 335 338 238 500 322 365 
5 343 85 129 199 39 77 
1 239 41 397 321 320 379 
7 307 450 311 235 187 274 
3 172 86 341 492 416 134 
7 131 53 474 220 175 361 
7 213 291 23 1 299 225 
1 142 102 220 52 495 238 
5 297 327 405 254 48 296 
7 9 261 291 470 506 255 
1 125 472 203 87 281 491 
6 476 193 78 295 123 149 
7 356 112 150 63 16 104 
4 257 142 308 492 88 307 
6 471 129 192 56 135 314 
0 389 78 200 190 73 492 
7 316 351 295 434 380 10 
2 334 1 395 70 147 181 
0 208 340 166 81 385 36 
2 221 108 378 76 2 69 
7 303 100 145 288 144 24 
2 428 111 79 428 183 189 
2 1 285 370 316 409 142 
2 492 68 39 264 247 85 
7 54 372 12 88 208 115 
1 503 300 218 488 421 206 
6 507 354 116 351 132 466 
4 255 452 209 291 41 117 
5 257 467 22 66 87 7 
4 446 12 398 226 147 448 
6 428 152 355 78 78 211 
1 324 39 294 44 138 5 
6 215 247 5 448 381 337 
6 320 401 190 170 502 202 
1 163 208 343 105 316 179 
6 168 379 196 197 65 140 
0 248 322 185 44 471 394 
1 362 282 415 504 199 17 
2 48 234 481 185 92 121 
6 167 354 429 270 113 64 
3 396 381 243 282 237 316 
6 230 461 500 217 77 474 
0 132 453 312 385 191 232 
2 274 421 188 140 447 379 
2 196 100 361 37 4 156 
6 301 345 327 210 290 88 
2 97 369 505 208 134 367 
0 383 118 437 27 116 51 
3 125 183 39 336 45 266 
7 503 70 496 103 477 295 
2 152 35 403 352 318 453 
7 214 128 36 484 97 229 
4 59 5 368 152 86 118 
1 409 11 149 348 255 354 
2 370 302 152 37 81 390 
5 79 78 262 304 113 19 
2 296 412 194 223 431 410 
6 427 429 211 371 276 413 
4 244 370 257 264 491 319 
0 465 34 403 500 467 416 
2 284 32 63 434 187 103 
2 96 454 43 126 356 325 
6 162 378 71 386 165 318 
0 462 6 180 263 146 308 
6 300 220 52 211 421 432 
0 288 18 412 5 28 473 
7 181 332 253 55 213 85 
2 401 192 19 392 147 39 
4 55 87 372 338 422 245 
0 307 337 294 86 25 67 
7 286 373 499 170 485 50 
6 143 133 483 87 236 51 
1 9 284 224 353 441 180 
4 295 243 402 474 270 101 
7 477 196 289 97 50 365 
4 6 391 230 191 265 224 
1 204 8 305 100 136 401 
0 371 365 24 198 115 132 
1 404 293 357 122 198 404 
3 161 200 26 347 248 215 
4 117 297 11 374 129 468 
5 212 137 168 135 51 418 
2 228 294 428 88 410 37 
6 469 283 138 266 372 405 
6 181 6 210 284 165 417 
2 210 235 447 237 348 34 
4 245 80 480 475 377 270 
4 502 351 297 421 52 155 
3 271 23 303 416 48 38 
2 223 36 448 87 504 311 
5 168 407 26 99 202 450 
5 282 301 200 167 104 437 
7 432 76 132 193 97 496 
7 457 272 388 5 280 111 
7 191 433 289 384 378 227 
3 459 356 379 200 499 106 
1 489 366 500 426 494 2 
4 272 63 26 294 30 169 
1 499 406 3 199 353 347 
7 159 16 135 135 204 438 
4 487 407 400 23 394 241 
0 448 334 129 471 196 293 
0 373 386 325 178 492 205 
0 397 447 368 29 419 217 
6 295 336 167 455 495 303 
3 352 357 229 248 305 281 
1 423 12 101 474 259 311 
2 42 480 327 164 343 114 
7 162 454 103 344 405 379 
2 269 224 500 218 340 469 
2 501 462 209 276 501 165 
4 404 54 377 402 195 142 
5 458 24 362 481 215 472 
3 137 494 428 129 421 164 
7 11 210 156 249 207 469 
5 157 189 55 482 191 119 
7 438 390 322 242 120 79 
2 251 406 401 138 427 355 
4 274 355 298 68 79 507 
2 339 421 74 155 436 168 
2 248 194 63 137 234 94 
2 34 188 507 273 469 83 
0 425 426 324 41 492 361 
2 421 224 486 300 400 467 
1 51 491 291 264 430 468 
4 156 380 477 44 15 358 
4 290 417 176 489 202 377 
0 140 250 455 261 371 365 
7 180 255 329 46 328 137 
4 270 202 259 360 261 427 
1 473 210 391 271 283 112 
1 319 456 471 288 133 222 
3 383 200 41 400 48 186 
6 195 114 309 358 182 18 
4 78 276 116 353 111 135 
