315 477 61 110 425 342 
311 294 430 137 306 262 
381 311 367 390 81 129 
14 287 488 202 79 267 
20 154 328 286 331 452 
346 390 268 179 270 461 
66 487 132 459 86 209 
295 128 114 5 263 141 
311 255 129 135 71 150 
105 446 77 41 143 61 
109 189 35 505 235 406 
138 159 78 237 206 253 
153 167 498 280 190 67 
39 364 100 254 394 67 
192 31 334 18 172 149 
397 187 314 434 263 211 
311 213 418 198 487 81 
248 150 404 67 124 446 
83 391 134 285 305 28 
206 413 271 197 90 355 
37 368 119 471 352 61 
404 282 368 416 30 480 
20 329 418 310 426 344 
59 120 409 318 80 350 
216 360 79 127 330 5 
63 112 440 205 316 469 
96 44 53 87 329 504 
495 401 40 108 88 216 
132 124 108 429 381 212 
391 435 43 205 271 477 
21 101 105 106 101 503 
2 82 303 490 57 211 
91 299 78 136 306 465 
231 33 501 345 23 322 
328 87 227 442 148 325 
113 400 261 164 28 66 
431 215 289 83 256 120 
439 224 242 208 375 507 
385 300 386 86 130 215 
364 349 259 6 491 286 
477 342 258 358 351 88 
425 248 147 431 118 322 
283 403 72 410 242 183 
331 502 178 76 216 214 
404 404 134 394 285 46 
497 404 391 467 212 383 
303 205 445 101 28 471 
170 271 213 235 191 241 
358 357 476 502 46 20 
38 406 174 258 48 313 
337 120 162 111 240 439 
269 34 458 81 51 485 
401 206 88 210 412 183 
28 343 6 377 314 177 
234 316 260 466 403 455 
461 466 16 200 317 134 
209 194 306 339 104 324 
49 150 213 251 379 467 
477 94 160 188 205 247 
232 335 40 233 229 236 
209 431 489 402 338 446 
295 39 508 234 136 25 
109 334 425 309 67 282 
182 16 383 115 65 118 
22 180 477 184 193 308 
112 290 270 96 419 176 
390 384 202 57 428 412 
370 452 354 266 498 119 
489 153 66 15 44 284 
365 333 205 199 310 235 
210 288 472 148 321 36 
479 483 207 475 446 193 
286 95 132 226 459 254 
31 259 267 208 93 231 
184 1 247 48 178 180 
312 64 378 246 202 269 
103 129 404 190 284 366 
239 146 200 108 460 402 
442 293 348 317 414 35 
204 422 7 402 370 140 
347 15 402 20 282 190 
84 25 303 48 458 22 
144 477 134 97 177 269 
408 262 351 153 108 278 
422 308 253 259 430 100 
246 420 486 298 141 177 
334 232 247 499 17 481 
213 443 51 154 177 95 
397 108 115 244 280 188 
492 417 233 505 478 95 
53 238 278 507 91 289 
151 444 477 367 32 253 
164 204 479 455 433 209 
407 406 270 323 211 98 
233 164 305 160 162 273 
208 472 83 105 129 485 
179 114 189 476 219 356 
88 104 439 154 413 159 
180 490 155 158 78 445 
495 78 379 396 183 348 
222 451 310 104 276 292 
218 214 330 329 41 70 
361 389 146 72 427 373 
155 475 40 501 262 112 
141 33 27 315 408 303 
437 480 263 477 42 72 
165 221 64 431 368 339 
172 352 131 123 430 127 
61 253 278 204 264 164 
104 281 340 383 93 72 
321 267 508 84 371 32 
189 261 493 119 345 346 
223 422 260 266 34 227 
493 326 447 441 247 41 
299 175 451 144 45 318 
114 160 369 74 104 138 
143 100 251 447 266 208 
194 397 332 32 165 430 
189 459 15 79 5 127 
260 150 226 222 501 406 
0 347 470 416 103 105 
366 269 39 243 450 403 
372 393 250 32 201 94 
36 444 194 319 385 486 
324 284 154 57 79 448 
323 184 223 283 414 401 
200 11 484 377 48 188 
360 454 349 231 330 10 
252 475 85 263 153 269 
401 44 380 376 141 131 
466 264 149 339 392 379 
35 338 57 156 289 297 
103 238 416 379 392 269 
72 183 16 208 260 269 
103 114 425 263 356 236 
501 121 156 373 186 37 
263 38 111 346 214 13 
443 406 21 45 263 443 
299 149 309 329 4 298 
486 262 105 171 80 428 
70 329 365 226 389 297 
293 501 70 144 450 344 
406 508 178 87 17 487 
332 115 171 444 145 434 
85 88 406 276 10 497 
455 183 108 487 251 65 
415 0 478 342 249 86 
391 117 168 232 423 376 
52 41 68 136 73 160 
183 176 92 204 55 4 
454 90 345 170 290 139 
178 64 49 507 336 93 
163 105 97 66 316 305 
314 504 157 319 103 143 
212 39 51 251 47 357 
66 263 246 380 120 393 
276 41 147 202 313 350 
128 3 452 456 127 334 
117 143 228 312 251 324 
304 246 298 298 88 188 
72 33 76 261 497 97 
340 74 312 49 365 489 
378 208 61 380 114 36 
305 51 102 257 464 501 
459 67 241 108 364 270 
185 267 234 45 350 379 
451 346 81 300 265 1 
12 209 418 300 113 264 
92 134 507 253 304 463 
25 461 219 88 295 30 
103 339 261 24 166 373 
345 202 11 489 466 119 
122 381 323 259 50 340 
266 155 32 220 463 340 
307 327 384 359 399 229 
442 40 487 444 12 438 
391 181 215 284 267 101 
268 496 26 80 499 144 
367 245 431 465 488 187 
398 148 324 301 235 33 
67 497 296 141 421 479 
146 266 146 53 25 12 
335 319 248 370 76 172 
446 281 162 179 118 373 
137 322 1 26 234 348 
183 441 87 91 150 279 
156 209 314 310 488 502 
29 265 91 466 316 357 
350 426 107 155 156 72 
204 455 56 23 489 205 
377 403 230 425 281 156 
345 323 364 324 26 495 
13 447 339 264 201 348 
172 268 124 170 488 293 
116 48 55 118 376 320 
65 271 450 340 79 169 
160 284 397 189 505 487 
81 79 261 463 398 386 
316 54 113 137 351 397 
204 100 190 446 284 114 
403 157 299 250 8 421 
100 216 37 262 285 54 
397 357 157 28 331 422 
107 97 195 125 272 69 
343 227 117 282 376 87 
344 154 482 159 452 296 
411 115 369 156 159 479 
410 83 447 44 170 90 
273 449 322 142 11 33 
52 354 387 85 32 107 
59 456 180 241 480 1 
312 152 333 478 191 409 
135 380 218 218 95 136 
8 372 504 272 203 287 
112 456 357 297 339 193 
136 481 166 395 338 166 
434 396 331 27 108 203 
386 274 413 259 93 220 
283 316 326 66 460 428 
500 99 110 11 23 20 
19 132 504 293 490 317 
415 83 280 452 36 320 
134 193 432 272 116 317 
444 475 493 347 84 369 
13 404 345 327 183 177 
186 47 327 73 1 331 
205 191 318 287 241 474 
302 230 497 370 199 111 
281 487 360 133 154 139 
7 441 55 165 338 458 
457 264 156 46 26 102 
153 84 278 450 302 108 
212 174 54 346 384 74 
209 188 271 8 28 232 
507 221 139 412 425 72 
319 76 218 86 507 277 
248 495 48 195 450 86 
9 200 199 294 246 367 
234 55 495 4 390 265 
410 403 251 362 15 383 
130 209 381 475 276 66 
0 159 480 320 40 344 
372 201 63 105 409 265 
66 84 267 104 124 228 
390 128 250 32 41 105 
126 174 442 229 138 399 
429 312 177 1 7 59 
488 20 237 149 144 311 
332 447 42 493 210 74 
15 390 399 250 430 203 
114 404 505 63 224 223 
238 298 377 316 373 450 
231 361 216 140 287 267 
187 397 69 124 140 390 
453 224 268 12 108 205 
184 280 72 199 17 129 
446 128 331 207 398 370 
109 506 62 393 221 495 
304 318 35 358 111 416 
21 340 30 338 218 107 
380 206 465 440 189 348 
284 139 323 302 217 438 
70 4 52 138 417 107 
431 450 239 107 30 371 
404 269 467 137 135 252 
460 199 410 415 450 421 
359 181 300 397 337 499 
278 272 497 93 253 377 
434 324 124 401 274 389 
321 479 314 30 498 366 
278 353 50 306 391 23 
90 455 476 62 257 127 
501 24 21 311 103 55 
453 32 203 242 209 106 
179 235 461 107 238 24 
162 496 206 23 398 249 
269 368 467 220 489 24 
297 106 440 398 129 240 
183 418 7 317 214 264 
239 37 99 417 290 380 
390 364 409 17 407 136 
53 340 336 496 144 158 
40 40 276 167 149 343 
36 309 176 128 295 39 
162 226 35 36 69 52 
356 268 227 17 173 21 
60 42 8 29 507 236 
148 468 295 44 288 216 
116 405 113 260 14 4 
413 19 336 203 242 209 
318 169 477 164 27 508 
340 381 440 248 428 342 
103 349 177 479 193 311 
21 151 422 408 486 425 
406 418 251 123 379 340 
387 445 244 202 403 444 
307 320 40 45 99 226 
482 17 200 353 141 415 
126 377 413 499 412 86 
130 395 66 206 332 300 
103 175 262 206 429 33 
293 328 443 383 491 354 
341 17 339 37 269 219 
420 3 323 8 502 239 
293 287 79 139 177 82 
263 159 189 400 277 91 
233 11 306 273 136 266 
428 287 162 418 343 489 
322 447 285 265 98 484 
423 228 143 239 489 279 
220 19 217 124 463 107 
113 45 127 98 480 423 
443 174 253 287 193 263 
367 16 411 124 333 145 
228 463 503 296 215 403 
376 396 248 288 438 280 
477 61 213 299 249 427 
65 223 393 13 223 239 
110 508 427 81 20 203 
138 120 47 293 94 81 
177 351 497 115 313 335 
117 30 239 469 276 388 
394 49 119 293 5 394 
493 27 374 172 291 122 
405 460 230 137 122 138 
436 216 31 387 412 267 
108 123 471 4 203 271 
373 341 448 424 129 389 
219 107 247 65 272 377 
107 304 110 227 126 108 
231 405 265 257 376 144 
253 96 32 223 159 251 
0 148 148 373 98 131 
24 228 271 57 128 428 
54 446 119 336 67 427 
176 197 67 117 455 269 
7 432 19 289 229 187 
160 455 489 149 215 25 
91 315 50 397 214 476 
128 271 402 198 30 138 
27 169 138 396 61 472 
25 172 270 277 210 251 
225 408 225 222 57 242 
179 152 393 202 99 335 
348 89 255 99 20 361 
65 358 323 500 75 331 
325 364 82 316 277 261 
59 485 398 402 158 278 
3 84 480 409 352 131 
418 177 503 398 58 462 
451 338 338 91 295 432 
468 68 21 48 77 33 
179 495 95 17 411 288 
400 504 65 226 216 4 
283 62 121 341 395 421 
32 199 175 101 75 264 
269 89 130 32 233 291 
381 256 332 35 459 443 
367 231 182 316 286 330 
256 81 213 300 29 105 
341 500 337 227 161 230 
66 90 323 195 353 97 
70 357 12 196 303 53 
435 291 493 320 133 159 
124 256 187 136 278 353 
422 334 410 302 354 132 
232 22 47 20 245 298 
492 120 38 382 103 52 
395 215 418 31 26 192 
301 89 435 216 191 330 
41 52 185 233 88 434 
474 228 309 153 281 142 
282 244 195 222 84 203 
333 291 93 293 488 69 
280 305 423 41 447 319 
13 401 361 263 273 38 
216 345 475 5 297 407 
480 141 180 155 433 229 
126 149 268 482 430 50 
427 127 167 120 233 123 
55 396 504 340 206 224 
197 304 117 458 81 213 
307 363 281 260 32 477 
140 350 233 465 356 143 
257 467 341 269 159 200 
290 152 254 13 296 356 
206 244 217 472 184 216 
355 467 394 394 134 199 
53 244 418 425 456 76 
323 83 258 426 2 384 
150 20 150 48 416 150 
508 429 164 371 170 78 
285 79 414 82 44 49 
29 451 300 200 327 359 
21 451 144 489 461 377 
244 9 76 11 61 129 
177 184 133 429 45 327 
82 335 438 316 212 40 
332 292 382 234 113 58 
136 267 275 69 183 211 
291 102 368 257 316 419 
329 457 77 115 175 28 
246 143 111 354 247 467 
338 249 275 427 171 486 
507 496 361 290 237 20 
38 354 344 209 306 473 
379 153 103 99 377 508 
175 127 351 115 161 67 
162 263 359 249 3 7 
428 498 145 205 315 471 
212 153 169 147 304 8 
354 399 101 406 307 251 
163 319 201 250 292 182 
306 477 495 313 507 312 
362 477 273 261 251 90 
507 308 459 293 368 386 
153 238 48 61 323 181 
72 333 321 4 412 440 
381 28 68 192 46 10 
198 295 102 295 4 475 
60 506 32 491 119 226 
463 67 138 179 50 502 
335 343 367 205 400 185 
259 113 70 61 253 37 
351 262 27 355 337 74 
338 391 421 34 111 265 
495 240 34 37 370 186 
288 324 161 5 391 243 
244 307 348 106 250 207 
365 11 234 219 304 357 
166 253 13 169 498 281 
199 450 376 300 260 26 
184 167 181 52 60 294 
419 416 313 244 457 80 
93 355 424 366 134 132 
234 75 157 41 320 390 
180 123 385 42 292 207 
442 424 255 321 180 475 
263 82 69 172 201 343 
118 234 447 346 9 385 
469 43 42 309 162 351 
155 310 182 39 84 425 
236 267 92 141 92 467 
459 148 502 296 103 446 
10 279 98 314 105 67 
57 385 426 295 444 299 
56 132 86 303 428 219 
106 196 253 498 99 88 
106 377 402 261 360 43 
247 321 79 90 58 168 
163 264 79 472 268 248 
248 174 347 98 383 506 
284 348 480 477 128 369 
234 391 287 210 149 408 
342 41 393 416 338 78 
57 32 423 170 418 91 
310 59 364 455 459 463 
21 479 152 34 156 179 
128 13 224 352 421 65 
453 105 364 87 424 503 
379 154 23 93 399 277 
261 4 59 430 304 242 
259 431 401 495 200 350 
238 319 230 159 457 86 
438 363 379 292 278 186 
81 147 178 468 354 430 
212 136 191 11 417 66 
487 299 347 230 492 267 
490 507 244 225 81 263 
145 230 23 288 198 167 
98 93 464 461 463 319 
40 231 4 332 74 187 
118 81 324 25 20 10 
467 300 7 441 502 314 
134 483 220 311 173 335 
115 183 33 325 316 112 
433 71 45 495 128 124 
85 350 318 193 250 251 
158 35 341 156 200 38 
431 31 403 265 284 42 
90 358 431 244 67 463 
180 261 383 281 417 82 
70 169 488 315 297 160 
157 19 305 217 464 256 
36 167 235 430 501 86 
209 84 503 210 258 86 
395 58 211 446 192 153 
81 222 384 482 391 314 
148 303 390 416 256 295 
50 8 17 348 253 197 
354 228 37 124 93 407 
13 387 278 196 34 117 
413 328 397 6 241 498 
124 46 485 300 242 443 
391 253 103 49 421 262 
343 9 82 455 242 427 
425 72 124 219 62 378 
94 93 347 242 217 262 
34 68 372 70 411 42 
217 265 234 102 128 345 
380 422 79 356 127 82 
416 423 245 428 450 198 
278 70 262 425 22 298 
6 28 333 381 275 145 
363 248 494 348 112 106 
236 31 99 418 316 445 
104 463 103 32 133 128 
134 308 395 306 199 34 
56 357 160 443 263 446 
492 343 221 494 71 263 
13 70 471 123 167 208 
142 210 154 444 367 216 
21 112 413 220 292 371 
143 286 430 324 270 223 
35 355 137 437 360 259 
350 475 295 300 93 133 
94 282 363 298 175 288 
371 166 264 57 333 500 
498 111 461 281 180 59 
168 302 431 231 248 495 
199 84 278 199 23 466 
345 415 38 337 39 330 
212 497 345 151 106 446 
260 402 316 429 257 488 
83 403 403 371 347 179 
170 488 270 141 383 162 
204 227 311 356 368 188 
100 147 80 35 38 497 
1 210 185 474 506 387 
248 463 341 258 5 96 
355 39 312 499 357 280 
56 504 22 462 78 205 
410 379 398 86 349 450 
103 20 23 219 169 96 
404 104 1 202 257 84 
467 452 441 487 227 208 
244 79 163 137 441 267 
262 349 244 273 304 85 
167 432 307 394 415 205 
492 270 233 163 267 52 
214 168 102 493 305 174 
369 126 410 483 388 210 
213 100 364 190 86 138 
152 26 234 472 377 441 
297 78 301 151 262 323 
191 408 127 22 157 437 
403 88 310 198 306 69 
390 330 171 506 450 500 
119 484 64 50 331 486 
250 491 170 265 16 369 
381 280 367 412 135 401 
394 31 280 69 215 465 
241 196 34 295 353 227 
259 442 323 85 383 187 
188 17 323 260 154 278 
425 101 320 435 466 63 
129 287 196 260 426 159 
286 291 450 77 164 469 
342 276 3 210 254 308 
241 205 502 49 321 264 
197 351 88 234 242 4 
316 89 337 290 180 34 
29 429 263 260 105 488 
96 140 152 258 376 16 
506 481 446 395 88 496 
365 447 240 268 351 159 
1 428 479 430 261 308 
339 191 387 108 39 487 
244 245 198 452 459 0 
411 432 267 333 151 411 
227 205 481 484 147 75 
339 134 389 157 145 133 
315 46 447 344 382 167 
290 320 173 399 62 403 
152 444 358 321 32 477 
456 405 228 313 345 22 
244 6 234 210 206 151 
158 264 452 205 327 244 
167 441 194 300 299 296 
181 37 91 457 258 264 
74 348 168 409 176 94 
271 267 341 43 197 206 
480 314 272 291 104 401 
99 273 20 147 157 82 
346 417 156 61 409 265 
414 505 211 431 63 182 
197 409 116 105 442 136 
492 2 379 464 316 257 
341 68 379 220 352 211 
148 451 414 438 435 43 
244 459 307 350 317 360 
107 318 400 451 491 128 
158 253 508 6 364 117 
284 131 153 202 196 137 
462 453 452 202 102 393 
177 225 495 194 212 363 
223 348 70 272 121 289 
433 236 383 229 138 350 
104 486 333 357 498 36 
315 241 104 452 451 354 
484 35 284 478 190 412 
394 469 432 130 47 306 
333 249 338 423 418 383 
380 52 499 117 94 372 
301 32 106 97 398 297 
152 145 11 342 7 461 
365 270 251 371 1 429 
438 111 320 217 472 130 
343 35 61 455 188 74 
122 174 114 255 498 338 
240 54 280 273 40 23 
37 494 223 259 204 130 
312 159 451 306 426 221 
342 398 386 196 261 272 
18 315 55 354 101 23 
312 340 477 477 102 37 
62 103 13 48 145 140 
481 274 41 167 70 424 
71 44 413 75 141 35 
431 440 451 413 114 74 
247 404 352 43 416 159 
32 91 480 341 353 332 
492 405 433 441 171 272 
484 122 200 9 266 309 
416 37 299 307 485 97 
122 65 249 143 198 76 
321 160 67 259 319 339 
484 263 159 22 60 213 
2 426 235 191 94 127 
415 94 374 156 160 109 
403 98 370 132 225 142 
144 226 231 94 271 85 
463 356 218 82 41 16 
217 26 428 200 299 487 
103 253 12 40 334 253 
376 74 80 205 367 357 
286 255 71 355 307 410 
193 335 415 440 54 365 
329 139 416 40 248 386 
488 126 233 308 405 240 
7 117 410 444 203 342 
317 188 191 330 362 204 
481 153 258 386 272 104 
263 506 63 142 289 467 
267 343 96 201 233 253 
432 8 408 409 126 170 
432 32 375 142 380 184 
442 175 472 506 24 357 
2 46 194 151 43 102 
144 371 63 99 467 359 
89 346 384 36 27 66 
433 58 45 217 378 215 
23 80 172 387 286 165 
104 145 370 270 48 25 
251 362 334 33 131 376 
90 233 1 276 308 483 
215 318 502 50 31 449 
296 30 486 455 25 26 
430 133 472 480 82 128 
208 454 402 427 239 69 
338 110 209 431 285 428 
61 228 15 112 492 479 
361 256 57 26 258 484 
180 340 190 499 8 307 
345 480 36 139 261 439 
196 241 22 360 313 258 
283 197 163 271 443 290 
95 56 18 229 60 464 
501 320 33 245 189 342 
453 19 327 138 311 481 
199 179 459 20 365 79 
206 429 241 3 372 122 
245 353 106 491 23 383 
120 207 180 164 504 409 
257 297 311 465 292 6 
453 420 118 88 284 167 
411 236 231 348 347 353 
446 164 86 24 218 180 
356 268 420 82 413 198 
311 134 320 186 86 27 
171 150 280 246 142 249 
49 215 401 149 107 123 
108 417 170 169 314 305 
378 112 134 119 340 371 
39 408 261 147 68 106 
115 261 9 173 316 247 
259 269 5 84 0 225 
406 333 335 210 283 251 
15 352 148 477 159 377 
257 239 11 35 265 34 
460 370 103 431 413 39 
209 289 440 82 59 228 
248 446 60 377 330 205 
52 143 365 260 42 499 
210 261 34 337 88 284 
145 373 329 217 280 439 
398 428 472 214 335 137 
486 386 173 95 367 297 
128 429 304 177 414 243 
387 133 112 231 289 205 
186 448 419 142 256 120 
306 237 226 35 133 179 
18 427 415 253 153 300 
483 359 79 3 408 192 
43 293 480 54 342 62 
181 438 2 338 379 472 
478 367 338 208 381 34 
129 372 433 136 256 338 
216 146 363 184 405 31 
133 321 194 191 216 41 
203 27 28 197 137 106 
275 63 136 359 386 381 
269 276 413 194 245 0 
367 413 204 4 103 122 
290 324 199 433 17 488 
499 132 409 80 117 262 
350 167 469 394 45 70 
225 473 42 475 196 9 
247 405 22 324 416 147 
243 6 376 94 81 391 
93 219 237 314 397 398 
25 207 24 477 34 128 
245 14 418 494 361 55 
304 86 209 411 247 130 
109 275 487 460 379 362 
394 142 333 10 146 176 
301 434 296 386 178 168 
285 358 442 30 117 310 
32 499 87 314 18 103 
325 312 70 157 184 283 
6 297 26 119 366 392 
16 343 322 428 134 418 
46 475 490 441 43 305 
482 311 262 47 152 120 
420 5 471 331 193 265 
488 375 105 467 450 392 
168 262 228 395 276 252 
332 401 171 107 374 269 
250 42 297 113 466 216 
461 181 229 168 158 321 
477 24 18 190 184 126 
506 266 28 470 127 359 
145 91 152 390 498 206 
98 293 447 84 279 241 
489 391 466 97 176 43 
68 72 196 377 299 365 
153 464 416 449 263 130 
309 101 274 152 480 271 
117 304 464 253 333 160 
468 330 267 316 68 288 
187 409 407 478 19 258 
481 349 108 360 216 205 
506 101 87 158 35 344 
426 312 371 19 99 63 
504 262 86 409 312 345 
31 118 191 188 410 76 
381 493 343 141 408 376 
363 133 105 172 227 457 
189 303 229 407 85 200 
466 466 411 72 204 48 
148 107 158 53 223 327 
53 293 445 203 405 427 
55 162 302 169 293 68 
159 388 419 50 365 137 
410 216 94 147 225 489 
170 306 68 412 492 256 
373 318 239 273 103 94 
45 463 390 396 88 356 
321 230 97 417 86 495 
84 208 384 377 110 417 
458 225 403 6 474 475 
145 348 392 82 82 260 
101 108 71 66 239 135 
269 117 443 430 169 303 
368 427 19 318 140 287 
75 388 332 33 11 368 
176 88 453 368 120 262 
388 338 53 456 451 493 
238 217 4 358 424 225 
347 71 173 160 1 119 
46 208 340 178 273 473 
320 113 305 254 164 364 
370 28 100 48 110 122 
49 235 365 471 103 491 
289 499 494 281 41 379 
0 192 298 506 489 74 
13 147 275 361 47 470 
430 63 116 259 145 235 
36 223 291 400 107 253 
121 480 398 262 341 4 
304 484 406 485 392 304 
217 483 22 471 473 317 
164 270 208 44 387 159 
213 317 186 355 44 91 
419 304 271 205 108 450 
134 218 477 77 356 197 
397 467 384 50 300 207 
425 121 288 45 437 38 
201 93 172 350 372 381 
373 496 89 386 69 500 
161 61 142 89 272 132 
484 336 313 285 405 366 
331 464 19 366 374 369 
434 221 218 325 95 271 
316 284 253 286 307 212 
219 68 390 498 445 193 
446 128 296 444 278 358 
288 218 43 435 129 262 
73 297 127 89 305 265 
167 476 467 218 106 238 
27 155 7 175 329 231 
280 501 350 206 11 413 
83 156 279 180 271 387 
369 50 396 71 212 282 
22 291 404 487 490 249 
49 48 399 472 127 59 
52 65 242 53 53 401 
191 272 370 114 420 441 
140 177 343 258 265 61 
174 261 178 383 147 444 
71 19 294 444 364 313 
253 444 21 393 410 275 
337 278 435 7 498 264 
183 489 83 227 196 90 
341 128 181 271 1 48 
194 265 314 84 289 445 
30 418 264 51 487 197 
214 62 292 379 11 196 
490 184 3 447 110 35 
232 218 43 181 149 253 
225 456 492 477 359 84 
101 161 191 38 29 239 
72 242 444 273 385 300 
200 292 235 277 164 452 
277 231 101 467 180 491 
255 48 229 228 356 392 
321 410 257 115 45 2 
254 311 344 324 396 462 
421 51 151 247 29 360 
245 429 471 247 46 4 
61 242 487 187 388 247 
48 128 447 38 288 369 
417 75 34 220 424 302 
322 469 453 332 183 465 
90 51 472 76 350 322 
150 91 116 278 26 441 
497 346 267 470 200 39 
264 151 219 49 60 153 
55 368 47 265 115 302 
81 69 410 21 498 388 
247 224 417 40 443 461 
213 313 318 79 214 321 
477 359 359 435 471 322 
386 457 438 142 310 261 
111 279 226 361 470 37 
396 97 1 325 84 30 
106 25 93 153 90 431 
290 394 35 360 341 260 
449 498 474 197 115 2 
321 453 51 386 146 203 
167 76 165 95 200 316 
1 279 505 296 327 286 
151 487 132 122 326 443 
286 126 309 118 37 326 
369 439 147 326 467 255 
225 318 31 311 313 68 
257 216 58 181 402 269 
403 488 247 145 118 54 
401 2 450 90 369 51 
357 470 301 21 175 126 
368 349 111 197 16 258 
468 352 285 353 267 434 
332 117 65 101 313 99 
333 313 403 157 398 153 
155 82 238 261 75 296 
463 128 198 245 502 406 
164 272 481 379 393 443 
152 104 180 233 79 30 
350 59 163 256 63 395 
152 135 481 333 414 249 
29 312 291 251 292 441 
152 477 229 337 326 462 
450 486 500 176 93 255 
323 342 155 324 13 144 
372 233 470 69 413 231 
364 80 154 243 220 467 
340 7 468 340 294 381 
117 240 362 9 486 102 
97 485 47 240 248 42 
271 508 146 118 228 295 
248 356 197 197 45 80 
142 198 220 3 14 25 
297 455 327 110 414 294 
210 23 41 380 144 472 
332 183 402 58 378 265 
43 486 406 341 341 336 
357 274 133 287 304 311 
122 492 288 113 127 245 
33 287 336 285 408 398 
188 93 205 265 105 452 
370 54 172 276 189 162 
483 270 231 176 357 49 
175 60 63 198 309 107 
367 119 352 311 259 156 
377 489 482 39 387 53 
274 458 158 107 444 100 
14 72 54 82 416 283 
19 285 230 13 255 419 
198 104 50 104 257 47 
370 503 476 40 457 193 
175 427 479 245 26 295 
226 265 234 196 200 282 
5 472 221 108 464 204 
111 499 390 209 384 484 
487 430 441 161 212 452 
195 62 194 414 331 402 
109 149 53 178 60 192 
182 74 172 65 410 213 
241 474 272 133 261 65 
390 128 28 137 417 461 
253 394 470 63 229 278 
326 30 276 344 488 186 
404 175 217 217 451 430 
467 349 17 93 316 430 
333 136 85 473 341 137 
361 72 429 247 193 80 
293 306 347 232 459 376 
504 355 222 282 68 185 
321 24 211 34 75 214 
414 140 427 29 212 141 
134 72 121 20 112 365 
1 218 285 48 296 103 
157 206 436 32 155 298 
220 348 343 334 111 139 
210 330 158 344 100 268 
307 217 82 306 427 346 
128 235 442 34 423 439 
179 379 299 167 164 443 
477 463 458 190 194 268 
241 441 344 383 228 55 
24 346 405 294 42 45 
466 72 43 268 20 302 
466 442 96 283 460 19 
244 498 434 485 252 244 
142 206 161 353 219 508 
362 499 162 401 252 345 
198 288 295 416 45 48 
477 168 401 161 494 396 
219 96 445 465 376 340 
157 360 110 392 57 178 
64 271 228 165 253 504 
306 485 183 275 79 272 
31 190 170 87 68 458 
156 17 97 373 374 299 
178 52 40 429 134 348 
101 460 330 374 191 74 
162 301 461 247 216 274 
386 389 273 458 232 334 
250 24 7 391 142 85 
306 370 123 275 120 179 
186 67 395 363 314 179 
158 487 330 150 392 258 
333 219 141 33 362 292 
346 149 4 309 167 281 
113 278 288 288 304 11 
466 444 67 469 62 192 
265 318 7 357 275 154 
474 17 282 203 441 311 
61 261 454 116 149 359 
333 370 100 109 154 331 
364 445 47 96 279 24 
275 394 479 503 90 257 
385 331 193 163 432 71 
390 368 71 249 279 495 
448 399 127 409 504 398 
463 85 10 66 463 424 
248 304 308 56 478 321 
493 89 207 474 386 63 
478 52 115 119 481 361 
461 373 409 55 388 253 
272 231 218 17 75 236 
346 387 168 78 72 410 
93 425 136 421 461 157 
381 126 150 502 83 501 
399 384 390 107 292 382 
15 4 10 425 241 381 
230 297 296 376 444 447 
173 177 278 164 441 426 
462 161 182 440 171 259 
81 406 312 50 256 21 
483 166 60 490 425 24 
28 435 309 317 5 93 
51 491 293 26 466 442 
24 291 322 71 459 343 
503 356 20 332 125 181 
176 290 240 410 42 262 
177 91 270 7 45 449 
431 145 89 248 423 115 
395 25 128 212 271 452 
312 430 464 176 100 249 
